-9.843750e-01 1.000000e+00 4.138512e-07 1.479471e-04 0.000000e+00 0.000000e+00 0.000000e+00 0.000000e+00 0.000000e+00 0.000000e+00 0.000000e+00 1.000000e+00 0.000000e+00 0.000000e+00 0.000000e+00 0.000000e+00 9.999845e-11 2.354581e-17 -1.716798e-20 -1.716919e-20 -5.317989e-04 0.000000e+00 0.000000e+00 
-9.843750e-01 1.000000e+00 4.138512e-07 1.479471e-04 0.000000e+00 0.000000e+00 0.000000e+00 0.000000e+00 0.000000e+00 0.000000e+00 0.000000e+00 1.000000e+00 0.000000e+00 0.000000e+00 0.000000e+00 0.000000e+00 9.999845e-11 2.354577e-17 1.719947e-20 1.719305e-20 -5.317989e-04 0.000000e+00 0.000000e+00 
-9.843750e-01 1.000000e+00 4.138512e-07 1.479471e-04 0.000000e+00 0.000000e+00 0.000000e+00 0.000000e+00 0.000000e+00 0.000000e+00 0.000000e+00 1.000000e+00 0.000000e+00 0.000000e+00 0.000000e+00 0.000000e+00 9.999845e-11 2.354577e-17 -1.716895e-20 1.721989e-20 -5.317989e-04 0.000000e+00 0.000000e+00 
-9.843750e-01 1.000000e+00 4.138512e-07 1.479471e-04 0.000000e+00 0.000000e+00 0.000000e+00 0.000000e+00 0.000000e+00 0.000000e+00 0.000000e+00 1.000000e+00 0.000000e+00 0.000000e+00 0.000000e+00 0.000000e+00 9.999845e-11 2.354581e-17 1.721964e-20 -1.717233e-20 -5.317989e-04 0.000000e+00 0.000000e+00 
-9.531250e-01 1.000000e+00 4.138507e-07 1.479470e-04 0.000000e+00 0.000000e+00 0.000000e+00 0.000000e+00 0.000000e+00 0.000000e+00 0.000000e+00 1.000000e+00 0.000000e+00 0.000000e+00 0.000000e+00 0.000000e+00 9.999805e-11 2.358019e-17 -1.852713e-20 -1.860476e-20 5.822942e-04 0.000000e+00 0.000000e+00 
-9.531250e-01 1.000000e+00 4.138507e-07 1.479470e-04 0.000000e+00 0.000000e+00 0.000000e+00 0.000000e+00 0.000000e+00 0.000000e+00 0.000000e+00 1.000000e+00 0.000000e+00 0.000000e+00 0.000000e+00 0.000000e+00 9.999805e-11 2.358016e-17 1.856132e-20 1.854779e-20 5.822942e-04 0.000000e+00 0.000000e+00 
-9.531250e-01 1.000000e+00 4.138507e-07 1.479470e-04 0.000000e+00 0.000000e+00 0.000000e+00 0.000000e+00 0.000000e+00 0.000000e+00 0.000000e+00 1.000000e+00 0.000000e+00 0.000000e+00 0.000000e+00 0.000000e+00 9.999805e-11 2.358016e-17 -1.855038e-20 1.855414e-20 5.822942e-04 0.000000e+00 0.000000e+00 
-9.531250e-01 1.000000e+00 4.138507e-07 1.479470e-04 0.000000e+00 0.000000e+00 0.000000e+00 0.000000e+00 0.000000e+00 0.000000e+00 0.000000e+00 1.000000e+00 0.000000e+00 0.000000e+00 0.000000e+00 0.000000e+00 9.999805e-11 2.358017e-17 1.854964e-20 -1.860608e-20 5.822942e-04 0.000000e+00 0.000000e+00 
-9.218750e-01 1.000000e+00 4.138508e-07 1.479470e-04 0.000000e+00 0.000000e+00 0.000000e+00 0.000000e+00 0.000000e+00 0.000000e+00 0.000000e+00 1.000000e+00 0.000000e+00 0.000000e+00 0.000000e+00 0.000000e+00 9.999808e-11 9.483423e-19 1.804790e-20 -1.817494e-20 3.006698e-05 0.000000e+00 0.000000e+00 
-9.218750e-01 1.000000e+00 4.138508e-07 1.479470e-04 0.000000e+00 0.000000e+00 0.000000e+00 0.000000e+00 0.000000e+00 0.000000e+00 0.000000e+00 1.000000e+00 0.000000e+00 0.000000e+00 0.000000e+00 0.000000e+00 9.999808e-11 9.484499e-19 -1.805278e-20 1.805449e-20 3.006697e-05 0.000000e+00 0.000000e+00 
-9.218750e-01 1.000000e+00 4.138508e-07 1.479470e-04 0.000000e+00 0.000000e+00 0.000000e+00 0.000000e+00 0.000000e+00 0.000000e+00 0.000000e+00 1.000000e+00 0.000000e+00 0.000000e+00 0.000000e+00 0.000000e+00 9.999808e-11 9.484529e-19 1.806871e-20 1.805342e-20 3.006697e-05 0.000000e+00 0.000000e+00 
-9.218750e-01 1.000000e+00 4.138508e-07 1.479470e-04 0.000000e+00 0.000000e+00 0.000000e+00 0.000000e+00 0.000000e+00 0.000000e+00 0.000000e+00 1.000000e+00 0.000000e+00 0.000000e+00 0.000000e+00 0.000000e+00 9.999808e-11 9.483483e-19 -1.803847e-20 -1.818087e-20 3.006698e-05 0.000000e+00 0.000000e+00 
-8.906250e-01 1.000000e+00 4.138508e-07 1.479470e-04 0.000000e+00 0.000000e+00 0.000000e+00 0.000000e+00 0.000000e+00 0.000000e+00 0.000000e+00 1.000000e+00 0.000000e+00 0.000000e+00 0.000000e+00 0.000000e+00 9.999808e-11 -6.509640e-19 1.969236e-20 -1.968588e-20 2.953934e-05 0.000000e+00 0.000000e+00 
-8.906250e-01 1.000000e+00 4.138508e-07 1.479470e-04 0.000000e+00 0.000000e+00 0.000000e+00 0.000000e+00 0.000000e+00 0.000000e+00 0.000000e+00 1.000000e+00 0.000000e+00 0.000000e+00 0.000000e+00 0.000000e+00 9.999808e-11 -6.509620e-19 -1.963046e-20 1.980269e-20 2.953935e-05 0.000000e+00 0.000000e+00 
-8.906250e-01 1.000000e+00 4.138508e-07 1.479470e-04 0.000000e+00 0.000000e+00 0.000000e+00 0.000000e+00 0.000000e+00 0.000000e+00 0.000000e+00 1.000000e+00 0.000000e+00 0.000000e+00 0.000000e+00 0.000000e+00 9.999808e-11 -6.509644e-19 1.966942e-20 1.980828e-20 2.953935e-05 0.000000e+00 0.000000e+00 
-8.906250e-01 1.000000e+00 4.138508e-07 1.479470e-04 0.000000e+00 0.000000e+00 0.000000e+00 0.000000e+00 0.000000e+00 0.000000e+00 0.000000e+00 1.000000e+00 0.000000e+00 0.000000e+00 0.000000e+00 0.000000e+00 9.999808e-11 -6.509653e-19 -1.968620e-20 -1.969905e-20 2.953934e-05 0.000000e+00 0.000000e+00 
-8.593750e-01 1.000000e+00 4.138508e-07 1.479470e-04 0.000000e+00 0.000000e+00 0.000000e+00 0.000000e+00 0.000000e+00 0.000000e+00 0.000000e+00 1.000000e+00 0.000000e+00 0.000000e+00 0.000000e+00 0.000000e+00 9.999809e-11 -9.133183e-19 -2.511422e-20 -2.512839e-20 3.063274e-05 0.000000e+00 0.000000e+00 
-8.593750e-01 1.000000e+00 4.138508e-07 1.479470e-04 0.000000e+00 0.000000e+00 0.000000e+00 0.000000e+00 0.000000e+00 0.000000e+00 0.000000e+00 1.000000e+00 0.000000e+00 0.000000e+00 0.000000e+00 0.000000e+00 9.999809e-11 -9.133128e-19 2.511965e-20 -2.513399e-20 3.063274e-05 0.000000e+00 0.000000e+00 
-8.593750e-01 1.000000e+00 4.138508e-07 1.479470e-04 0.000000e+00 0.000000e+00 0.000000e+00 0.000000e+00 0.000000e+00 0.000000e+00 0.000000e+00 1.000000e+00 0.000000e+00 0.000000e+00 0.000000e+00 0.000000e+00 9.999809e-11 -9.134333e-19 2.512035e-20 2.513244e-20 3.063274e-05 0.000000e+00 0.000000e+00 
-8.593750e-01 1.000000e+00 4.138508e-07 1.479470e-04 0.000000e+00 0.000000e+00 0.000000e+00 0.000000e+00 0.000000e+00 0.000000e+00 0.000000e+00 1.000000e+00 0.000000e+00 0.000000e+00 0.000000e+00 0.000000e+00 9.999809e-11 -9.134236e-19 -2.511107e-20 2.513881e-20 3.063274e-05 0.000000e+00 0.000000e+00 
-8.281250e-01 1.000000e+00 4.138508e-07 1.479470e-04 0.000000e+00 0.000000e+00 0.000000e+00 0.000000e+00 0.000000e+00 0.000000e+00 0.000000e+00 1.000000e+00 0.000000e+00 0.000000e+00 0.000000e+00 0.000000e+00 9.999812e-11 -1.723430e-17 -1.210211e-19 -1.210498e-19 3.203651e-05 0.000000e+00 0.000000e+00 
-8.281250e-01 1.000000e+00 4.138508e-07 1.479470e-04 0.000000e+00 0.000000e+00 0.000000e+00 0.000000e+00 0.000000e+00 0.000000e+00 0.000000e+00 1.000000e+00 0.000000e+00 0.000000e+00 0.000000e+00 0.000000e+00 9.999812e-11 -1.723426e-17 -1.210485e-19 1.210073e-19 3.203651e-05 0.000000e+00 0.000000e+00 
-8.281250e-01 1.000000e+00 4.138508e-07 1.479470e-04 0.000000e+00 0.000000e+00 0.000000e+00 0.000000e+00 0.000000e+00 0.000000e+00 0.000000e+00 1.000000e+00 0.000000e+00 0.000000e+00 0.000000e+00 0.000000e+00 9.999812e-11 -1.723430e-17 1.210399e-19 -1.210685e-19 3.203651e-05 0.000000e+00 0.000000e+00 
-8.281250e-01 1.000000e+00 4.138508e-07 1.479470e-04 0.000000e+00 0.000000e+00 0.000000e+00 0.000000e+00 0.000000e+00 0.000000e+00 0.000000e+00 1.000000e+00 0.000000e+00 0.000000e+00 0.000000e+00 0.000000e+00 9.999812e-11 -1.723426e-17 1.210435e-19 1.210033e-19 3.203651e-05 0.000000e+00 0.000000e+00 
-7.968750e-01 1.000000e+00 4.138508e-07 1.479470e-04 0.000000e+00 0.000000e+00 0.000000e+00 0.000000e+00 0.000000e+00 0.000000e+00 0.000000e+00 1.000000e+00 0.000000e+00 0.000000e+00 0.000000e+00 0.000000e+00 9.999884e-11 -4.377116e-16 -2.639219e-18 2.639244e-18 3.926105e-05 0.000000e+00 0.000000e+00 
-7.968750e-01 1.000000e+00 4.138508e-07 1.479470e-04 0.000000e+00 0.000000e+00 0.000000e+00 0.000000e+00 0.000000e+00 0.000000e+00 0.000000e+00 1.000000e+00 0.000000e+00 0.000000e+00 0.000000e+00 0.000000e+00 9.999884e-11 -4.377117e-16 2.639226e-18 -2.639229e-18 3.926105e-05 0.000000e+00 0.000000e+00 
-7.968750e-01 1.000000e+00 4.138508e-07 1.479470e-04 0.000000e+00 0.000000e+00 0.000000e+00 0.000000e+00 0.000000e+00 0.000000e+00 0.000000e+00 1.000000e+00 0.000000e+00 0.000000e+00 0.000000e+00 0.000000e+00 9.999884e-11 -4.377116e-16 2.639212e-18 2.639219e-18 3.926105e-05 0.000000e+00 0.000000e+00 
-7.968750e-01 1.000000e+00 4.138508e-07 1.479470e-04 0.000000e+00 0.000000e+00 0.000000e+00 0.000000e+00 0.000000e+00 0.000000e+00 0.000000e+00 1.000000e+00 0.000000e+00 0.000000e+00 0.000000e+00 0.000000e+00 9.999884e-11 -4.377117e-16 -2.639211e-18 -2.639213e-18 3.926105e-05 0.000000e+00 0.000000e+00 
-7.656250e-01 1.000000e+00 4.138509e-07 1.479471e-04 0.000000e+00 0.000000e+00 0.000000e+00 0.000000e+00 0.000000e+00 0.000000e+00 0.000000e+00 1.000000e+00 0.000000e+00 0.000000e+00 0.000000e+00 0.000000e+00 1.000169e-10 -1.091901e-14 6.650376e-17 -6.650375e-17 1.895108e-04 0.000000e+00 0.000000e+00 
-7.656250e-01 1.000000e+00 4.138509e-07 1.479471e-04 0.000000e+00 0.000000e+00 0.000000e+00 0.000000e+00 0.000000e+00 0.000000e+00 0.000000e+00 1.000000e+00 0.000000e+00 0.000000e+00 0.000000e+00 0.000000e+00 1.000169e-10 -1.091901e-14 -6.650376e-17 -6.650374e-17 1.895108e-04 0.000000e+00 0.000000e+00 
-7.656250e-01 1.000000e+00 4.138509e-07 1.479471e-04 0.000000e+00 0.000000e+00 0.000000e+00 0.000000e+00 0.000000e+00 0.000000e+00 0.000000e+00 1.000000e+00 0.000000e+00 0.000000e+00 0.000000e+00 0.000000e+00 1.000169e-10 -1.091901e-14 -6.650373e-17 6.650388e-17 1.895108e-04 0.000000e+00 0.000000e+00 
-7.656250e-01 1.000000e+00 4.138509e-07 1.479471e-04 0.000000e+00 0.000000e+00 0.000000e+00 0.000000e+00 0.000000e+00 0.000000e+00 0.000000e+00 1.000000e+00 0.000000e+00 0.000000e+00 0.000000e+00 0.000000e+00 1.000169e-10 -1.091901e-14 6.650374e-17 6.650388e-17 1.895108e-04 0.000000e+00 0.000000e+00 
-7.343750e-01 1.000000e+00 4.138529e-07 1.479475e-04 0.000000e+00 0.000000e+00 0.000000e+00 0.000000e+00 0.000000e+00 0.000000e+00 0.000000e+00 1.000000e+00 0.000000e+00 0.000000e+00 0.000000e+00 0.000000e+00 1.004584e-10 -2.676771e-13 1.749428e-15 -1.749428e-15 3.700400e-03 0.000000e+00 0.000000e+00 
-7.343750e-01 1.000000e+00 4.138529e-07 1.479475e-04 0.000000e+00 0.000000e+00 0.000000e+00 0.000000e+00 0.000000e+00 0.000000e+00 0.000000e+00 1.000000e+00 0.000000e+00 0.000000e+00 0.000000e+00 0.000000e+00 1.004584e-10 -2.676771e-13 -1.749428e-15 1.749428e-15 3.700400e-03 0.000000e+00 0.000000e+00 
-7.343750e-01 1.000000e+00 4.138529e-07 1.479475e-04 0.000000e+00 0.000000e+00 0.000000e+00 0.000000e+00 0.000000e+00 0.000000e+00 0.000000e+00 1.000000e+00 0.000000e+00 0.000000e+00 0.000000e+00 0.000000e+00 1.004584e-10 -2.676771e-13 1.749428e-15 1.749428e-15 3.700400e-03 0.000000e+00 0.000000e+00 
-7.343750e-01 1.000000e+00 4.138529e-07 1.479475e-04 0.000000e+00 0.000000e+00 0.000000e+00 0.000000e+00 0.000000e+00 0.000000e+00 0.000000e+00 1.000000e+00 0.000000e+00 0.000000e+00 0.000000e+00 0.000000e+00 1.004584e-10 -2.676771e-13 -1.749428e-15 -1.749428e-15 3.700400e-03 0.000000e+00 0.000000e+00 
-7.031250e-01 1.000000e+00 4.139039e-07 1.479584e-04 0.000000e+00 0.000000e+00 0.000000e+00 0.000000e+00 0.000000e+00 0.000000e+00 0.000000e+00 1.000000e+00 0.000000e+00 0.000000e+00 0.000000e+00 0.000000e+00 1.111239e-10 -6.761120e-12 5.571016e-14 -5.571016e-14 6.667880e-02 0.000000e+00 0.000000e+00 
-7.031250e-01 1.000000e+00 4.139039e-07 1.479584e-04 0.000000e+00 0.000000e+00 0.000000e+00 0.000000e+00 0.000000e+00 0.000000e+00 0.000000e+00 1.000000e+00 0.000000e+00 0.000000e+00 0.000000e+00 0.000000e+00 1.111239e-10 -6.761120e-12 -5.571016e-14 5.571016e-14 6.667880e-02 0.000000e+00 0.000000e+00 
-7.031250e-01 1.000000e+00 4.139039e-07 1.479584e-04 0.000000e+00 0.000000e+00 0.000000e+00 0.000000e+00 0.000000e+00 0.000000e+00 0.000000e+00 1.000000e+00 0.000000e+00 0.000000e+00 0.000000e+00 0.000000e+00 1.111239e-10 -6.761120e-12 5.571016e-14 5.571016e-14 6.667880e-02 0.000000e+00 0.000000e+00 
-7.031250e-01 1.000000e+00 4.139039e-07 1.479584e-04 0.000000e+00 0.000000e+00 0.000000e+00 0.000000e+00 0.000000e+00 0.000000e+00 0.000000e+00 1.000000e+00 0.000000e+00 0.000000e+00 0.000000e+00 0.000000e+00 1.111239e-10 -6.761120e-12 -5.571016e-14 -5.571016e-14 6.667880e-02 0.000000e+00 0.000000e+00 
-6.718750e-01 1.000000e+00 4.148996e-07 1.481719e-04 0.000000e+00 0.000000e+00 0.000000e+00 0.000000e+00 0.000000e+00 0.000000e+00 0.000000e+00 1.000000e+00 0.000000e+00 0.000000e+00 0.000000e+00 0.000000e+00 2.796656e-10 -1.508509e-10 1.178226e-12 -1.178226e-12 7.427554e-02 0.000000e+00 0.000000e+00 
-6.718750e-01 1.000000e+00 4.148996e-07 1.481719e-04 0.000000e+00 0.000000e+00 0.000000e+00 0.000000e+00 0.000000e+00 0.000000e+00 0.000000e+00 1.000000e+00 0.000000e+00 0.000000e+00 0.000000e+00 0.000000e+00 2.796656e-10 -1.508509e-10 -1.178226e-12 -1.178226e-12 7.427554e-02 0.000000e+00 0.000000e+00 
-6.718750e-01 1.000000e+00 4.148996e-07 1.481719e-04 0.000000e+00 0.000000e+00 0.000000e+00 0.000000e+00 0.000000e+00 0.000000e+00 0.000000e+00 1.000000e+00 0.000000e+00 0.000000e+00 0.000000e+00 0.000000e+00 2.796656e-10 -1.508509e-10 1.178226e-12 1.178226e-12 7.427554e-02 0.000000e+00 0.000000e+00 
-6.718750e-01 1.000000e+00 4.148996e-07 1.481719e-04 0.000000e+00 0.000000e+00 0.000000e+00 0.000000e+00 0.000000e+00 0.000000e+00 0.000000e+00 1.000000e+00 0.000000e+00 0.000000e+00 0.000000e+00 0.000000e+00 2.796656e-10 -1.508509e-10 -1.178226e-12 1.178226e-12 7.427554e-02 0.000000e+00 0.000000e+00 
-6.406250e-01 1.000000e+00 4.262217e-07 1.505849e-04 0.000000e+00 0.000000e+00 0.000000e+00 0.000000e+00 0.000000e+00 0.000000e+00 0.000000e+00 1.000000e+00 0.000000e+00 0.000000e+00 0.000000e+00 0.000000e+00 1.999386e-09 -1.743126e-09 -1.126108e-11 1.126108e-11 -2.738470e-02 0.000000e+00 0.000000e+00 
-6.406250e-01 1.000000e+00 4.262217e-07 1.505849e-04 0.000000e+00 0.000000e+00 0.000000e+00 0.000000e+00 0.000000e+00 0.000000e+00 0.000000e+00 1.000000e+00 0.000000e+00 0.000000e+00 0.000000e+00 0.000000e+00 1.999386e-09 -1.743126e-09 1.126108e-11 -1.126108e-11 -2.738470e-02 0.000000e+00 0.000000e+00 
-6.406250e-01 1.000000e+00 4.262217e-07 1.505849e-04 0.000000e+00 0.000000e+00 0.000000e+00 0.000000e+00 0.000000e+00 0.000000e+00 0.000000e+00 1.000000e+00 0.000000e+00 0.000000e+00 0.000000e+00 0.000000e+00 1.999386e-09 -1.743126e-09 1.126108e-11 1.126108e-11 -2.738470e-02 0.000000e+00 0.000000e+00 
-6.406250e-01 1.000000e+00 4.262217e-07 1.505849e-04 0.000000e+00 0.000000e+00 0.000000e+00 0.000000e+00 0.000000e+00 0.000000e+00 0.000000e+00 1.000000e+00 0.000000e+00 0.000000e+00 0.000000e+00 0.000000e+00 1.999386e-09 -1.743126e-09 -1.126108e-11 -1.126108e-11 -2.738470e-02 0.000000e+00 0.000000e+00 
-6.093750e-01 1.000000e+00 5.691570e-07 1.791180e-04 0.000000e+00 0.000000e+00 0.000000e+00 0.000000e+00 0.000000e+00 0.000000e+00 0.000000e+00 1.000000e+00 0.000000e+00 0.000000e+00 0.000000e+00 0.000000e+00 2.538512e-08 -2.254015e-08 1.329522e-10 -1.329522e-10 3.997021e-03 0.000000e+00 0.000000e+00 
-6.093750e-01 1.000000e+00 5.691570e-07 1.791180e-04 0.000000e+00 0.000000e+00 0.000000e+00 0.000000e+00 0.000000e+00 0.000000e+00 0.000000e+00 1.000000e+00 0.000000e+00 0.000000e+00 0.000000e+00 0.000000e+00 2.538512e-08 -2.254015e-08 1.329522e-10 1.329522e-10 3.997021e-03 0.000000e+00 0.000000e+00 
-6.093750e-01 1.000000e+00 5.691570e-07 1.791180e-04 0.000000e+00 0.000000e+00 0.000000e+00 0.000000e+00 0.000000e+00 0.000000e+00 0.000000e+00 1.000000e+00 0.000000e+00 0.000000e+00 0.000000e+00 0.000000e+00 2.538512e-08 -2.254015e-08 -1.329522e-10 1.329522e-10 3.997021e-03 0.000000e+00 0.000000e+00 
-6.093750e-01 1.000000e+00 5.691570e-07 1.791180e-04 0.000000e+00 0.000000e+00 0.000000e+00 0.000000e+00 0.000000e+00 0.000000e+00 0.000000e+00 1.000000e+00 0.000000e+00 0.000000e+00 0.000000e+00 0.000000e+00 2.538512e-08 -2.254015e-08 -1.329522e-10 -1.329522e-10 3.997021e-03 0.000000e+00 0.000000e+00 
-5.781250e-01 1.000000e+00 2.313899e-06 4.155341e-04 0.000000e+00 0.000000e+00 0.000000e+00 0.000000e+00 0.000000e+00 0.000000e+00 0.000000e+00 1.000000e+00 0.000000e+00 0.000000e+00 0.000000e+00 0.000000e+00 3.672020e-07 -2.520523e-07 1.518920e-09 -1.518920e-09 -4.669773e-02 0.000000e+00 0.000000e+00 
-5.781250e-01 1.000000e+00 2.313899e-06 4.155341e-04 0.000000e+00 0.000000e+00 0.000000e+00 0.000000e+00 0.000000e+00 0.000000e+00 0.000000e+00 1.000000e+00 0.000000e+00 0.000000e+00 0.000000e+00 0.000000e+00 3.672020e-07 -2.520523e-07 1.518920e-09 1.518920e-09 -4.669773e-02 0.000000e+00 0.000000e+00 
-5.781250e-01 1.000000e+00 2.313899e-06 4.155341e-04 0.000000e+00 0.000000e+00 0.000000e+00 0.000000e+00 0.000000e+00 0.000000e+00 0.000000e+00 1.000000e+00 0.000000e+00 0.000000e+00 0.000000e+00 0.000000e+00 3.672020e-07 -2.520523e-07 -1.518920e-09 -1.518920e-09 -4.669773e-02 0.000000e+00 0.000000e+00 
-5.781250e-01 1.000000e+00 2.313899e-06 4.155341e-04 0.000000e+00 0.000000e+00 0.000000e+00 0.000000e+00 0.000000e+00 0.000000e+00 0.000000e+00 1.000000e+00 0.000000e+00 0.000000e+00 0.000000e+00 0.000000e+00 3.672020e-07 -2.520523e-07 -1.518920e-09 1.518920e-09 -4.669773e-02 0.000000e+00 0.000000e+00 
-5.468750e-01 1.000000e+00 6.905486e-06 8.007861e-04 0.000000e+00 0.000000e+00 0.000000e+00 0.000000e+00 0.000000e+00 0.000000e+00 0.000000e+00 1.000000e+00 0.000000e+00 0.000000e+00 0.000000e+00 0.000000e+00 8.098056e-06 -2.278471e-06 1.752786e-08 -1.752786e-08 -2.580586e-01 0.000000e+00 0.000000e+00 
-5.468750e-01 1.000000e+00 6.905486e-06 8.007861e-04 0.000000e+00 0.000000e+00 0.000000e+00 0.000000e+00 0.000000e+00 0.000000e+00 0.000000e+00 1.000000e+00 0.000000e+00 0.000000e+00 0.000000e+00 0.000000e+00 8.098056e-06 -2.278471e-06 -1.752786e-08 1.752786e-08 -2.580586e-01 0.000000e+00 0.000000e+00 
-5.468750e-01 1.000000e+00 6.905486e-06 8.007861e-04 0.000000e+00 0.000000e+00 0.000000e+00 0.000000e+00 0.000000e+00 0.000000e+00 0.000000e+00 1.000000e+00 0.000000e+00 0.000000e+00 0.000000e+00 0.000000e+00 8.098056e-06 -2.278471e-06 1.752786e-08 1.752786e-08 -2.580586e-01 0.000000e+00 0.000000e+00 
-5.468750e-01 1.000000e+00 6.905486e-06 8.007861e-04 0.000000e+00 0.000000e+00 0.000000e+00 0.000000e+00 0.000000e+00 0.000000e+00 0.000000e+00 1.000000e+00 0.000000e+00 0.000000e+00 0.000000e+00 0.000000e+00 8.098056e-06 -2.278471e-06 -1.752786e-08 -1.752786e-08 -2.580586e-01 0.000000e+00 0.000000e+00 
-5.156250e-01 1.000000e+00 1.101403e-05 1.059663e-03 0.000000e+00 0.000000e+00 0.000000e+00 0.000000e+00 0.000000e+00 0.000000e+00 0.000000e+00 1.000000e+00 0.000000e+00 0.000000e+00 0.000000e+00 0.000000e+00 5.047287e-05 -9.260454e-06 7.539051e-08 -7.539051e-08 6.919826e-02 0.000000e+00 0.000000e+00 
-5.156250e-01 1.000000e+00 1.101403e-05 1.059663e-03 0.000000e+00 0.000000e+00 0.000000e+00 0.000000e+00 0.000000e+00 0.000000e+00 0.000000e+00 1.000000e+00 0.000000e+00 0.000000e+00 0.000000e+00 0.000000e+00 5.047287e-05 -9.260454e-06 7.539051e-08 7.539051e-08 6.919826e-02 0.000000e+00 0.000000e+00 
-5.156250e-01 1.000000e+00 1.101403e-05 1.059663e-03 0.000000e+00 0.000000e+00 0.000000e+00 0.000000e+00 0.000000e+00 0.000000e+00 0.000000e+00 1.000000e+00 0.000000e+00 0.000000e+00 0.000000e+00 0.000000e+00 5.047287e-05 -9.260454e-06 -7.539051e-08 7.539051e-08 6.919826e-02 0.000000e+00 0.000000e+00 
-5.156250e-01 1.000000e+00 1.101403e-05 1.059663e-03 0.000000e+00 0.000000e+00 0.000000e+00 0.000000e+00 0.000000e+00 0.000000e+00 0.000000e+00 1.000000e+00 0.000000e+00 0.000000e+00 0.000000e+00 0.000000e+00 5.047287e-05 -9.260454e-06 -7.539051e-08 -7.539051e-08 6.919826e-02 0.000000e+00 0.000000e+00 
-4.843750e-01 1.000000e+00 1.474571e-05 1.262407e-03 0.000000e+00 0.000000e+00 0.000000e+00 0.000000e+00 0.000000e+00 0.000000e+00 0.000000e+00 1.000000e+00 0.000000e+00 0.000000e+00 0.000000e+00 0.000000e+00 1.614623e-04 -2.371943e-05 2.130382e-07 -2.130382e-07 1.107771e-01 0.000000e+00 0.000000e+00 
-4.843750e-01 1.000000e+00 1.474571e-05 1.262407e-03 0.000000e+00 0.000000e+00 0.000000e+00 0.000000e+00 0.000000e+00 0.000000e+00 0.000000e+00 1.000000e+00 0.000000e+00 0.000000e+00 0.000000e+00 0.000000e+00 1.614623e-04 -2.371943e-05 2.130382e-07 2.130382e-07 1.107771e-01 0.000000e+00 0.000000e+00 
-4.843750e-01 1.000000e+00 1.474571e-05 1.262407e-03 0.000000e+00 0.000000e+00 0.000000e+00 0.000000e+00 0.000000e+00 0.000000e+00 0.000000e+00 1.000000e+00 0.000000e+00 0.000000e+00 0.000000e+00 0.000000e+00 1.614623e-04 -2.371943e-05 -2.130382e-07 2.130382e-07 1.107771e-01 0.000000e+00 0.000000e+00 
-4.843750e-01 1.000000e+00 1.474571e-05 1.262407e-03 0.000000e+00 0.000000e+00 0.000000e+00 0.000000e+00 0.000000e+00 0.000000e+00 0.000000e+00 1.000000e+00 0.000000e+00 0.000000e+00 0.000000e+00 0.000000e+00 1.614623e-04 -2.371943e-05 -2.130382e-07 -2.130382e-07 1.107771e-01 0.000000e+00 0.000000e+00 
-4.531250e-01 1.000000e+00 1.895686e-05 1.467776e-03 0.000000e+00 0.000000e+00 0.000000e+00 0.000000e+00 0.000000e+00 0.000000e+00 0.000000e+00 1.000000e+00 0.000000e+00 0.000000e+00 0.000000e+00 0.000000e+00 4.405357e-04 -5.730107e-05 -5.635400e-07 -5.635400e-07 2.289354e-02 0.000000e+00 0.000000e+00 
-4.531250e-01 1.000000e+00 1.895686e-05 1.467776e-03 0.000000e+00 0.000000e+00 0.000000e+00 0.000000e+00 0.000000e+00 0.000000e+00 0.000000e+00 1.000000e+00 0.000000e+00 0.000000e+00 0.000000e+00 0.000000e+00 4.405357e-04 -5.730107e-05 5.635400e-07 -5.635400e-07 2.289354e-02 0.000000e+00 0.000000e+00 
-4.531250e-01 1.000000e+00 1.895686e-05 1.467776e-03 0.000000e+00 0.000000e+00 0.000000e+00 0.000000e+00 0.000000e+00 0.000000e+00 0.000000e+00 1.000000e+00 0.000000e+00 0.000000e+00 0.000000e+00 0.000000e+00 4.405357e-04 -5.730107e-05 5.635400e-07 5.635400e-07 2.289354e-02 0.000000e+00 0.000000e+00 
-4.531250e-01 1.000000e+00 1.895686e-05 1.467776e-03 0.000000e+00 0.000000e+00 0.000000e+00 0.000000e+00 0.000000e+00 0.000000e+00 0.000000e+00 1.000000e+00 0.000000e+00 0.000000e+00 0.000000e+00 0.000000e+00 4.405357e-04 -5.730107e-05 -5.635400e-07 5.635400e-07 2.289354e-02 0.000000e+00 0.000000e+00 
-4.218750e-01 1.000000e+00 2.367324e-05 1.677083e-03 0.000000e+00 0.000000e+00 0.000000e+00 0.000000e+00 0.000000e+00 0.000000e+00 0.000000e+00 1.000000e+00 0.000000e+00 0.000000e+00 0.000000e+00 0.000000e+00 1.070948e-03 -1.259342e-04 1.349106e-06 1.349106e-06 1.158657e-02 0.000000e+00 0.000000e+00 
-4.218750e-01 1.000000e+00 2.367324e-05 1.677083e-03 0.000000e+00 0.000000e+00 0.000000e+00 0.000000e+00 0.000000e+00 0.000000e+00 0.000000e+00 1.000000e+00 0.000000e+00 0.000000e+00 0.000000e+00 0.000000e+00 1.070948e-03 -1.259342e-04 -1.349106e-06 -1.349106e-06 1.158657e-02 0.000000e+00 0.000000e+00 
-4.218750e-01 1.000000e+00 2.367324e-05 1.677083e-03 0.000000e+00 0.000000e+00 0.000000e+00 0.000000e+00 0.000000e+00 0.000000e+00 0.000000e+00 1.000000e+00 0.000000e+00 0.000000e+00 0.000000e+00 0.000000e+00 1.070948e-03 -1.259342e-04 -1.349106e-06 1.349106e-06 1.158657e-02 0.000000e+00 0.000000e+00 
-4.218750e-01 1.000000e+00 2.367324e-05 1.677083e-03 0.000000e+00 0.000000e+00 0.000000e+00 0.000000e+00 0.000000e+00 0.000000e+00 0.000000e+00 1.000000e+00 0.000000e+00 0.000000e+00 0.000000e+00 0.000000e+00 1.070948e-03 -1.259342e-04 1.349106e-06 -1.349106e-06 1.158657e-02 0.000000e+00 0.000000e+00 
-3.906250e-01 1.000000e+00 2.893127e-05 1.891562e-03 0.000000e+00 0.000000e+00 0.000000e+00 0.000000e+00 0.000000e+00 0.000000e+00 0.000000e+00 1.000000e+00 0.000000e+00 0.000000e+00 0.000000e+00 0.000000e+00 2.388575e-03 -2.561739e-04 -2.995857e-06 2.995857e-06 8.248517e-03 0.000000e+00 0.000000e+00 
-3.906250e-01 1.000000e+00 2.893127e-05 1.891562e-03 0.000000e+00 0.000000e+00 0.000000e+00 0.000000e+00 0.000000e+00 0.000000e+00 0.000000e+00 1.000000e+00 0.000000e+00 0.000000e+00 0.000000e+00 0.000000e+00 2.388575e-03 -2.561739e-04 -2.995857e-06 -2.995857e-06 8.248517e-03 0.000000e+00 0.000000e+00 
-3.906250e-01 1.000000e+00 2.893127e-05 1.891562e-03 0.000000e+00 0.000000e+00 0.000000e+00 0.000000e+00 0.000000e+00 0.000000e+00 0.000000e+00 1.000000e+00 0.000000e+00 0.000000e+00 0.000000e+00 0.000000e+00 2.388575e-03 -2.561739e-04 2.995857e-06 2.995857e-06 8.248517e-03 0.000000e+00 0.000000e+00 
-3.906250e-01 1.000000e+00 2.893127e-05 1.891562e-03 0.000000e+00 0.000000e+00 0.000000e+00 0.000000e+00 0.000000e+00 0.000000e+00 0.000000e+00 1.000000e+00 0.000000e+00 0.000000e+00 0.000000e+00 0.000000e+00 2.388575e-03 -2.561739e-04 2.995857e-06 -2.995857e-06 8.248517e-03 0.000000e+00 0.000000e+00 
-3.593750e-01 1.000000e+00 3.470643e-05 2.109823e-03 0.000000e+00 0.000000e+00 0.000000e+00 0.000000e+00 0.000000e+00 0.000000e+00 0.000000e+00 1.000000e+00 0.000000e+00 0.000000e+00 0.000000e+00 0.000000e+00 4.946291e-03 -4.839924e-04 -6.193311e-06 6.193311e-06 7.312024e-03 0.000000e+00 0.000000e+00 
-3.593750e-01 1.000000e+00 3.470643e-05 2.109823e-03 0.000000e+00 0.000000e+00 0.000000e+00 0.000000e+00 0.000000e+00 0.000000e+00 0.000000e+00 1.000000e+00 0.000000e+00 0.000000e+00 0.000000e+00 0.000000e+00 4.946291e-03 -4.839924e-04 6.193311e-06 6.193311e-06 7.312024e-03 0.000000e+00 0.000000e+00 
-3.593750e-01 1.000000e+00 3.470643e-05 2.109823e-03 0.000000e+00 0.000000e+00 0.000000e+00 0.000000e+00 0.000000e+00 0.000000e+00 0.000000e+00 1.000000e+00 0.000000e+00 0.000000e+00 0.000000e+00 0.000000e+00 4.946291e-03 -4.839924e-04 -6.193311e-06 -6.193311e-06 7.312024e-03 0.000000e+00 0.000000e+00 
-3.593750e-01 1.000000e+00 3.470643e-05 2.109823e-03 0.000000e+00 0.000000e+00 0.000000e+00 0.000000e+00 0.000000e+00 0.000000e+00 0.000000e+00 1.000000e+00 0.000000e+00 0.000000e+00 0.000000e+00 0.000000e+00 4.946291e-03 -4.839924e-04 6.193311e-06 -6.193311e-06 7.312024e-03 0.000000e+00 0.000000e+00 
-3.281250e-01 1.000000e+00 4.093173e-05 2.329357e-03 0.000000e+00 0.000000e+00 0.000000e+00 0.000000e+00 0.000000e+00 0.000000e+00 0.000000e+00 1.000000e+00 0.000000e+00 0.000000e+00 0.000000e+00 0.000000e+00 9.569011e-03 -8.496527e-04 -1.198013e-05 -1.198013e-05 8.000676e-03 0.000000e+00 0.000000e+00 
-3.281250e-01 1.000000e+00 4.093173e-05 2.329357e-03 0.000000e+00 0.000000e+00 0.000000e+00 0.000000e+00 0.000000e+00 0.000000e+00 0.000000e+00 1.000000e+00 0.000000e+00 0.000000e+00 0.000000e+00 0.000000e+00 9.569011e-03 -8.496527e-04 1.198013e-05 -1.198013e-05 8.000676e-03 0.000000e+00 0.000000e+00 
-3.281250e-01 1.000000e+00 4.093173e-05 2.329357e-03 0.000000e+00 0.000000e+00 0.000000e+00 0.000000e+00 0.000000e+00 0.000000e+00 0.000000e+00 1.000000e+00 0.000000e+00 0.000000e+00 0.000000e+00 0.000000e+00 9.569011e-03 -8.496527e-04 -1.198013e-05 1.198013e-05 8.000676e-03 0.000000e+00 0.000000e+00 
-3.281250e-01 1.000000e+00 4.093173e-05 2.329357e-03 0.000000e+00 0.000000e+00 0.000000e+00 0.000000e+00 0.000000e+00 0.000000e+00 0.000000e+00 1.000000e+00 0.000000e+00 0.000000e+00 0.000000e+00 0.000000e+00 9.569011e-03 -8.496527e-04 1.198013e-05 1.198013e-05 8.000676e-03 0.000000e+00 0.000000e+00 
-2.968750e-01 1.000000e+00 4.749443e-05 2.546746e-03 0.000000e+00 0.000000e+00 0.000000e+00 0.000000e+00 0.000000e+00 0.000000e+00 0.000000e+00 1.000000e+00 0.000000e+00 0.000000e+00 0.000000e+00 0.000000e+00 1.734569e-02 -1.391085e-03 2.172353e-05 -2.172353e-05 9.012899e-03 0.000000e+00 0.000000e+00 
-2.968750e-01 1.000000e+00 4.749443e-05 2.546746e-03 0.000000e+00 0.000000e+00 0.000000e+00 0.000000e+00 0.000000e+00 0.000000e+00 0.000000e+00 1.000000e+00 0.000000e+00 0.000000e+00 0.000000e+00 0.000000e+00 1.734569e-02 -1.391085e-03 -2.172353e-05 2.172353e-05 9.012899e-03 0.000000e+00 0.000000e+00 
-2.968750e-01 1.000000e+00 4.749443e-05 2.546746e-03 0.000000e+00 0.000000e+00 0.000000e+00 0.000000e+00 0.000000e+00 0.000000e+00 0.000000e+00 1.000000e+00 0.000000e+00 0.000000e+00 0.000000e+00 0.000000e+00 1.734569e-02 -1.391085e-03 2.172353e-05 2.172353e-05 9.012899e-03 0.000000e+00 0.000000e+00 
-2.968750e-01 1.000000e+00 4.749443e-05 2.546746e-03 0.000000e+00 0.000000e+00 0.000000e+00 0.000000e+00 0.000000e+00 0.000000e+00 0.000000e+00 1.000000e+00 0.000000e+00 0.000000e+00 0.000000e+00 0.000000e+00 1.734569e-02 -1.391085e-03 -2.172353e-05 -2.172353e-05 9.012899e-03 0.000000e+00 0.000000e+00 
-2.656250e-01 1.000000e+00 5.426683e-05 2.758803e-03 0.000000e+00 0.000000e+00 0.000000e+00 0.000000e+00 0.000000e+00 0.000000e+00 0.000000e+00 1.000000e+00 0.000000e+00 0.000000e+00 0.000000e+00 0.000000e+00 2.956352e-02 -2.112976e-03 3.706328e-05 -3.706328e-05 9.845548e-03 0.000000e+00 0.000000e+00 
-2.656250e-01 1.000000e+00 5.426683e-05 2.758803e-03 0.000000e+00 0.000000e+00 0.000000e+00 0.000000e+00 0.000000e+00 0.000000e+00 0.000000e+00 1.000000e+00 0.000000e+00 0.000000e+00 0.000000e+00 0.000000e+00 2.956352e-02 -2.112976e-03 -3.706328e-05 3.706328e-05 9.845548e-03 0.000000e+00 0.000000e+00 
-2.656250e-01 1.000000e+00 5.426683e-05 2.758803e-03 0.000000e+00 0.000000e+00 0.000000e+00 0.000000e+00 0.000000e+00 0.000000e+00 0.000000e+00 1.000000e+00 0.000000e+00 0.000000e+00 0.000000e+00 0.000000e+00 2.956352e-02 -2.112976e-03 -3.706328e-05 -3.706328e-05 9.845548e-03 0.000000e+00 0.000000e+00 
-2.656250e-01 1.000000e+00 5.426683e-05 2.758803e-03 0.000000e+00 0.000000e+00 0.000000e+00 0.000000e+00 0.000000e+00 0.000000e+00 0.000000e+00 1.000000e+00 0.000000e+00 0.000000e+00 0.000000e+00 0.000000e+00 2.956352e-02 -2.112976e-03 3.706328e-05 3.706328e-05 9.845548e-03 0.000000e+00 0.000000e+00 
-2.343750e-01 1.000000e+00 6.104802e-05 2.960758e-03 0.000000e+00 0.000000e+00 0.000000e+00 0.000000e+00 0.000000e+00 0.000000e+00 0.000000e+00 1.000000e+00 0.000000e+00 0.000000e+00 0.000000e+00 0.000000e+00 4.734816e-02 -2.993867e-03 5.939548e-05 -5.939548e-05 1.099082e-02 0.000000e+00 0.000000e+00 
-2.343750e-01 1.000000e+00 6.104802e-05 2.960758e-03 0.000000e+00 0.000000e+00 0.000000e+00 0.000000e+00 0.000000e+00 0.000000e+00 0.000000e+00 1.000000e+00 0.000000e+00 0.000000e+00 0.000000e+00 0.000000e+00 4.734816e-02 -2.993867e-03 -5.939548e-05 -5.939548e-05 1.099082e-02 0.000000e+00 0.000000e+00 
-2.343750e-01 1.000000e+00 6.104802e-05 2.960758e-03 0.000000e+00 0.000000e+00 0.000000e+00 0.000000e+00 0.000000e+00 0.000000e+00 0.000000e+00 1.000000e+00 0.000000e+00 0.000000e+00 0.000000e+00 0.000000e+00 4.734816e-02 -2.993867e-03 5.939548e-05 5.939548e-05 1.099082e-02 0.000000e+00 0.000000e+00 
-2.343750e-01 1.000000e+00 6.104802e-05 2.960758e-03 0.000000e+00 0.000000e+00 0.000000e+00 0.000000e+00 0.000000e+00 0.000000e+00 0.000000e+00 1.000000e+00 0.000000e+00 0.000000e+00 0.000000e+00 0.000000e+00 4.734816e-02 -2.993867e-03 -5.939548e-05 5.939548e-05 1.099082e-02 0.000000e+00 0.000000e+00 
-2.031250e-01 1.000000e+00 6.768551e-05 3.149905e-03 0.000000e+00 0.000000e+00 0.000000e+00 0.000000e+00 0.000000e+00 0.000000e+00 0.000000e+00 1.000000e+00 0.000000e+00 0.000000e+00 0.000000e+00 0.000000e+00 7.154828e-02 -3.898758e-03 -8.991051e-05 8.991051e-05 1.301957e-02 0.000000e+00 0.000000e+00 
-2.031250e-01 1.000000e+00 6.768551e-05 3.149905e-03 0.000000e+00 0.000000e+00 0.000000e+00 0.000000e+00 0.000000e+00 0.000000e+00 0.000000e+00 1.000000e+00 0.000000e+00 0.000000e+00 0.000000e+00 0.000000e+00 7.154828e-02 -3.898758e-03 -8.991051e-05 -8.991051e-05 1.301957e-02 0.000000e+00 0.000000e+00 
-2.031250e-01 1.000000e+00 6.768551e-05 3.149905e-03 0.000000e+00 0.000000e+00 0.000000e+00 0.000000e+00 0.000000e+00 0.000000e+00 0.000000e+00 1.000000e+00 0.000000e+00 0.000000e+00 0.000000e+00 0.000000e+00 7.154828e-02 -3.898758e-03 8.991051e-05 8.991051e-05 1.301957e-02 0.000000e+00 0.000000e+00 
-2.031250e-01 1.000000e+00 6.768551e-05 3.149905e-03 0.000000e+00 0.000000e+00 0.000000e+00 0.000000e+00 0.000000e+00 0.000000e+00 0.000000e+00 1.000000e+00 0.000000e+00 0.000000e+00 0.000000e+00 0.000000e+00 7.154828e-02 -3.898758e-03 8.991051e-05 -8.991051e-05 1.301957e-02 0.000000e+00 0.000000e+00 
-1.718750e-01 1.000000e+00 7.388304e-05 3.319914e-03 0.000000e+00 0.000000e+00 0.000000e+00 0.000000e+00 0.000000e+00 0.000000e+00 0.000000e+00 1.000000e+00 0.000000e+00 0.000000e+00 0.000000e+00 0.000000e+00 1.015769e-01 -4.721020e-03 -1.276623e-04 1.276623e-04 1.486837e-02 0.000000e+00 0.000000e+00 
-1.718750e-01 1.000000e+00 7.388304e-05 3.319914e-03 0.000000e+00 0.000000e+00 0.000000e+00 0.000000e+00 0.000000e+00 0.000000e+00 0.000000e+00 1.000000e+00 0.000000e+00 0.000000e+00 0.000000e+00 0.000000e+00 1.015769e-01 -4.721020e-03 -1.276623e-04 -1.276623e-04 1.486837e-02 0.000000e+00 0.000000e+00 
-1.718750e-01 1.000000e+00 7.388304e-05 3.319914e-03 0.000000e+00 0.000000e+00 0.000000e+00 0.000000e+00 0.000000e+00 0.000000e+00 0.000000e+00 1.000000e+00 0.000000e+00 0.000000e+00 0.000000e+00 0.000000e+00 1.015769e-01 -4.721020e-03 1.276623e-04 1.276623e-04 1.486837e-02 0.000000e+00 0.000000e+00 
-1.718750e-01 1.000000e+00 7.388304e-05 3.319914e-03 0.000000e+00 0.000000e+00 0.000000e+00 0.000000e+00 0.000000e+00 0.000000e+00 0.000000e+00 1.000000e+00 0.000000e+00 0.000000e+00 0.000000e+00 0.000000e+00 1.015769e-01 -4.721020e-03 1.276623e-04 -1.276623e-04 1.486837e-02 0.000000e+00 0.000000e+00 
-1.406250e-01 1.000000e+00 7.954688e-05 3.470355e-03 0.000000e+00 0.000000e+00 0.000000e+00 0.000000e+00 0.000000e+00 0.000000e+00 0.000000e+00 1.000000e+00 0.000000e+00 0.000000e+00 0.000000e+00 0.000000e+00 1.364924e-01 -5.126528e-03 1.722206e-04 -1.722206e-04 1.946596e-02 0.000000e+00 0.000000e+00 
-1.406250e-01 1.000000e+00 7.954688e-05 3.470355e-03 0.000000e+00 0.000000e+00 0.000000e+00 0.000000e+00 0.000000e+00 0.000000e+00 0.000000e+00 1.000000e+00 0.000000e+00 0.000000e+00 0.000000e+00 0.000000e+00 1.364924e-01 -5.126528e-03 1.722206e-04 1.722206e-04 1.946596e-02 0.000000e+00 0.000000e+00 
-1.406250e-01 1.000000e+00 7.954688e-05 3.470355e-03 0.000000e+00 0.000000e+00 0.000000e+00 0.000000e+00 0.000000e+00 0.000000e+00 0.000000e+00 1.000000e+00 0.000000e+00 0.000000e+00 0.000000e+00 0.000000e+00 1.364924e-01 -5.126528e-03 -1.722206e-04 -1.722206e-04 1.946596e-02 0.000000e+00 0.000000e+00 
-1.406250e-01 1.000000e+00 7.954688e-05 3.470355e-03 0.000000e+00 0.000000e+00 0.000000e+00 0.000000e+00 0.000000e+00 0.000000e+00 0.000000e+00 1.000000e+00 0.000000e+00 0.000000e+00 0.000000e+00 0.000000e+00 1.364924e-01 -5.126528e-03 -1.722206e-04 1.722206e-04 1.946596e-02 0.000000e+00 0.000000e+00 
-1.093750e-01 1.000000e+00 8.426064e-05 3.592319e-03 0.000000e+00 0.000000e+00 0.000000e+00 0.000000e+00 0.000000e+00 0.000000e+00 0.000000e+00 1.000000e+00 0.000000e+00 0.000000e+00 0.000000e+00 0.000000e+00 1.718363e-01 -5.112733e-03 2.163202e-04 2.163202e-04 2.239339e-02 0.000000e+00 0.000000e+00 
-1.093750e-01 1.000000e+00 8.426064e-05 3.592319e-03 0.000000e+00 0.000000e+00 0.000000e+00 0.000000e+00 0.000000e+00 0.000000e+00 0.000000e+00 1.000000e+00 0.000000e+00 0.000000e+00 0.000000e+00 0.000000e+00 1.718363e-01 -5.112733e-03 -2.163202e-04 2.163202e-04 2.239339e-02 0.000000e+00 0.000000e+00 
-1.093750e-01 1.000000e+00 8.426064e-05 3.592319e-03 0.000000e+00 0.000000e+00 0.000000e+00 0.000000e+00 0.000000e+00 0.000000e+00 0.000000e+00 1.000000e+00 0.000000e+00 0.000000e+00 0.000000e+00 0.000000e+00 1.718363e-01 -5.112733e-03 -2.163202e-04 -2.163202e-04 2.239339e-02 0.000000e+00 0.000000e+00 
-1.093750e-01 1.000000e+00 8.426064e-05 3.592319e-03 0.000000e+00 0.000000e+00 0.000000e+00 0.000000e+00 0.000000e+00 0.000000e+00 0.000000e+00 1.000000e+00 0.000000e+00 0.000000e+00 0.000000e+00 0.000000e+00 1.718363e-01 -5.112733e-03 2.163202e-04 -2.163202e-04 2.239339e-02 0.000000e+00 0.000000e+00 
-7.812500e-02 1.000000e+00 8.813280e-05 3.690477e-03 0.000000e+00 0.000000e+00 0.000000e+00 0.000000e+00 0.000000e+00 0.000000e+00 0.000000e+00 1.000000e+00 0.000000e+00 0.000000e+00 0.000000e+00 0.000000e+00 2.056677e-01 -4.230801e-03 2.628971e-04 2.628971e-04 3.634761e-02 0.000000e+00 0.000000e+00 
-7.812500e-02 1.000000e+00 8.813280e-05 3.690477e-03 0.000000e+00 0.000000e+00 0.000000e+00 0.000000e+00 0.000000e+00 0.000000e+00 0.000000e+00 1.000000e+00 0.000000e+00 0.000000e+00 0.000000e+00 0.000000e+00 2.056677e-01 -4.230801e-03 2.628971e-04 -2.628971e-04 3.634761e-02 0.000000e+00 0.000000e+00 
-7.812500e-02 1.000000e+00 8.813280e-05 3.690477e-03 0.000000e+00 0.000000e+00 0.000000e+00 0.000000e+00 0.000000e+00 0.000000e+00 0.000000e+00 1.000000e+00 0.000000e+00 0.000000e+00 0.000000e+00 0.000000e+00 2.056677e-01 -4.230801e-03 -2.628971e-04 2.628971e-04 3.634761e-02 0.000000e+00 0.000000e+00 
-7.812500e-02 1.000000e+00 8.813280e-05 3.690477e-03 0.000000e+00 0.000000e+00 0.000000e+00 0.000000e+00 0.000000e+00 0.000000e+00 0.000000e+00 1.000000e+00 0.000000e+00 0.000000e+00 0.000000e+00 0.000000e+00 2.056677e-01 -4.230801e-03 -2.628971e-04 -2.628971e-04 3.634761e-02 0.000000e+00 0.000000e+00 
-4.687500e-02 1.000000e+00 9.051508e-05 3.750011e-03 0.000000e+00 0.000000e+00 0.000000e+00 0.000000e+00 0.000000e+00 0.000000e+00 0.000000e+00 1.000000e+00 0.000000e+00 0.000000e+00 0.000000e+00 0.000000e+00 2.288230e-01 -2.973703e-03 -2.841444e-04 -2.841444e-04 -1.714239e-02 0.000000e+00 0.000000e+00 
-4.687500e-02 1.000000e+00 9.051508e-05 3.750011e-03 0.000000e+00 0.000000e+00 0.000000e+00 0.000000e+00 0.000000e+00 0.000000e+00 0.000000e+00 1.000000e+00 0.000000e+00 0.000000e+00 0.000000e+00 0.000000e+00 2.288230e-01 -2.973703e-03 2.841444e-04 2.841444e-04 -1.714239e-02 0.000000e+00 0.000000e+00 
-4.687500e-02 1.000000e+00 9.051508e-05 3.750011e-03 0.000000e+00 0.000000e+00 0.000000e+00 0.000000e+00 0.000000e+00 0.000000e+00 0.000000e+00 1.000000e+00 0.000000e+00 0.000000e+00 0.000000e+00 0.000000e+00 2.288230e-01 -2.973703e-03 2.841444e-04 -2.841444e-04 -1.714239e-02 0.000000e+00 0.000000e+00 
-4.687500e-02 1.000000e+00 9.051508e-05 3.750011e-03 0.000000e+00 0.000000e+00 0.000000e+00 0.000000e+00 0.000000e+00 0.000000e+00 0.000000e+00 1.000000e+00 0.000000e+00 0.000000e+00 0.000000e+00 0.000000e+00 2.288230e-01 -2.973703e-03 -2.841444e-04 2.841444e-04 -1.714239e-02 0.000000e+00 0.000000e+00 
-1.562500e-02 1.000000e+00 9.181581e-05 3.782252e-03 0.000000e+00 0.000000e+00 0.000000e+00 0.000000e+00 0.000000e+00 0.000000e+00 0.000000e+00 1.000000e+00 0.000000e+00 0.000000e+00 0.000000e+00 0.000000e+00 2.422623e-01 -4.034371e-04 -4.034371e-04 -4.034371e-04 1.825540e-01 0.000000e+00 0.000000e+00 
-1.562500e-02 1.000000e+00 9.181581e-05 3.782252e-03 0.000000e+00 0.000000e+00 0.000000e+00 0.000000e+00 0.000000e+00 0.000000e+00 0.000000e+00 1.000000e+00 0.000000e+00 0.000000e+00 0.000000e+00 0.000000e+00 2.422623e-01 -4.034371e-04 4.034371e-04 4.034371e-04 1.825540e-01 0.000000e+00 0.000000e+00 
-1.562500e-02 1.000000e+00 9.181581e-05 3.782252e-03 0.000000e+00 0.000000e+00 0.000000e+00 0.000000e+00 0.000000e+00 0.000000e+00 0.000000e+00 1.000000e+00 0.000000e+00 0.000000e+00 0.000000e+00 0.000000e+00 2.422623e-01 -4.034371e-04 4.034371e-04 -4.034371e-04 1.825540e-01 0.000000e+00 0.000000e+00 
-1.562500e-02 1.000000e+00 9.181581e-05 3.782252e-03 0.000000e+00 0.000000e+00 0.000000e+00 0.000000e+00 0.000000e+00 0.000000e+00 0.000000e+00 1.000000e+00 0.000000e+00 0.000000e+00 0.000000e+00 0.000000e+00 2.422623e-01 -4.034371e-04 -4.034371e-04 4.034371e-04 1.825540e-01 0.000000e+00 0.000000e+00 
1.562500e-02 1.000000e+00 9.181581e-05 3.782252e-03 0.000000e+00 0.000000e+00 0.000000e+00 0.000000e+00 0.000000e+00 0.000000e+00 0.000000e+00 1.000000e+00 0.000000e+00 0.000000e+00 0.000000e+00 0.000000e+00 2.422623e-01 4.034371e-04 -4.034371e-04 -4.034371e-04 1.825540e-01 0.000000e+00 0.000000e+00 
1.562500e-02 1.000000e+00 9.181581e-05 3.782252e-03 0.000000e+00 0.000000e+00 0.000000e+00 0.000000e+00 0.000000e+00 0.000000e+00 0.000000e+00 1.000000e+00 0.000000e+00 0.000000e+00 0.000000e+00 0.000000e+00 2.422623e-01 4.034371e-04 4.034371e-04 -4.034371e-04 1.825540e-01 0.000000e+00 0.000000e+00 
1.562500e-02 1.000000e+00 9.181581e-05 3.782252e-03 0.000000e+00 0.000000e+00 0.000000e+00 0.000000e+00 0.000000e+00 0.000000e+00 0.000000e+00 1.000000e+00 0.000000e+00 0.000000e+00 0.000000e+00 0.000000e+00 2.422623e-01 4.034371e-04 -4.034371e-04 4.034371e-04 1.825540e-01 0.000000e+00 0.000000e+00 
1.562500e-02 1.000000e+00 9.181581e-05 3.782252e-03 0.000000e+00 0.000000e+00 0.000000e+00 0.000000e+00 0.000000e+00 0.000000e+00 0.000000e+00 1.000000e+00 0.000000e+00 0.000000e+00 0.000000e+00 0.000000e+00 2.422623e-01 4.034371e-04 4.034371e-04 4.034371e-04 1.825540e-01 0.000000e+00 0.000000e+00 
4.687500e-02 1.000000e+00 9.051508e-05 3.750011e-03 0.000000e+00 0.000000e+00 0.000000e+00 0.000000e+00 0.000000e+00 0.000000e+00 0.000000e+00 1.000000e+00 0.000000e+00 0.000000e+00 0.000000e+00 0.000000e+00 2.288230e-01 2.973703e-03 -2.841444e-04 2.841444e-04 -1.714239e-02 0.000000e+00 0.000000e+00 
4.687500e-02 1.000000e+00 9.051508e-05 3.750011e-03 0.000000e+00 0.000000e+00 0.000000e+00 0.000000e+00 0.000000e+00 0.000000e+00 0.000000e+00 1.000000e+00 0.000000e+00 0.000000e+00 0.000000e+00 0.000000e+00 2.288230e-01 2.973703e-03 2.841444e-04 2.841444e-04 -1.714239e-02 0.000000e+00 0.000000e+00 
4.687500e-02 1.000000e+00 9.051508e-05 3.750011e-03 0.000000e+00 0.000000e+00 0.000000e+00 0.000000e+00 0.000000e+00 0.000000e+00 0.000000e+00 1.000000e+00 0.000000e+00 0.000000e+00 0.000000e+00 0.000000e+00 2.288230e-01 2.973703e-03 -2.841444e-04 -2.841444e-04 -1.714239e-02 0.000000e+00 0.000000e+00 
4.687500e-02 1.000000e+00 9.051508e-05 3.750011e-03 0.000000e+00 0.000000e+00 0.000000e+00 0.000000e+00 0.000000e+00 0.000000e+00 0.000000e+00 1.000000e+00 0.000000e+00 0.000000e+00 0.000000e+00 0.000000e+00 2.288230e-01 2.973703e-03 2.841444e-04 -2.841444e-04 -1.714239e-02 0.000000e+00 0.000000e+00 
7.812500e-02 1.000000e+00 8.813280e-05 3.690477e-03 0.000000e+00 0.000000e+00 0.000000e+00 0.000000e+00 0.000000e+00 0.000000e+00 0.000000e+00 1.000000e+00 0.000000e+00 0.000000e+00 0.000000e+00 0.000000e+00 2.056677e-01 4.230801e-03 2.628971e-04 -2.628971e-04 3.634761e-02 0.000000e+00 0.000000e+00 
7.812500e-02 1.000000e+00 8.813280e-05 3.690477e-03 0.000000e+00 0.000000e+00 0.000000e+00 0.000000e+00 0.000000e+00 0.000000e+00 0.000000e+00 1.000000e+00 0.000000e+00 0.000000e+00 0.000000e+00 0.000000e+00 2.056677e-01 4.230801e-03 -2.628971e-04 -2.628971e-04 3.634761e-02 0.000000e+00 0.000000e+00 
7.812500e-02 1.000000e+00 8.813280e-05 3.690477e-03 0.000000e+00 0.000000e+00 0.000000e+00 0.000000e+00 0.000000e+00 0.000000e+00 0.000000e+00 1.000000e+00 0.000000e+00 0.000000e+00 0.000000e+00 0.000000e+00 2.056677e-01 4.230801e-03 -2.628971e-04 2.628971e-04 3.634761e-02 0.000000e+00 0.000000e+00 
7.812500e-02 1.000000e+00 8.813280e-05 3.690477e-03 0.000000e+00 0.000000e+00 0.000000e+00 0.000000e+00 0.000000e+00 0.000000e+00 0.000000e+00 1.000000e+00 0.000000e+00 0.000000e+00 0.000000e+00 0.000000e+00 2.056677e-01 4.230801e-03 2.628971e-04 2.628971e-04 3.634761e-02 0.000000e+00 0.000000e+00 
1.093750e-01 1.000000e+00 8.426064e-05 3.592319e-03 0.000000e+00 0.000000e+00 0.000000e+00 0.000000e+00 0.000000e+00 0.000000e+00 0.000000e+00 1.000000e+00 0.000000e+00 0.000000e+00 0.000000e+00 0.000000e+00 1.718363e-01 5.112733e-03 2.163202e-04 -2.163202e-04 2.239339e-02 0.000000e+00 0.000000e+00 
1.093750e-01 1.000000e+00 8.426064e-05 3.592319e-03 0.000000e+00 0.000000e+00 0.000000e+00 0.000000e+00 0.000000e+00 0.000000e+00 0.000000e+00 1.000000e+00 0.000000e+00 0.000000e+00 0.000000e+00 0.000000e+00 1.718363e-01 5.112733e-03 -2.163202e-04 -2.163202e-04 2.239339e-02 0.000000e+00 0.000000e+00 
1.093750e-01 1.000000e+00 8.426064e-05 3.592319e-03 0.000000e+00 0.000000e+00 0.000000e+00 0.000000e+00 0.000000e+00 0.000000e+00 0.000000e+00 1.000000e+00 0.000000e+00 0.000000e+00 0.000000e+00 0.000000e+00 1.718363e-01 5.112733e-03 -2.163202e-04 2.163202e-04 2.239339e-02 0.000000e+00 0.000000e+00 
1.093750e-01 1.000000e+00 8.426064e-05 3.592319e-03 0.000000e+00 0.000000e+00 0.000000e+00 0.000000e+00 0.000000e+00 0.000000e+00 0.000000e+00 1.000000e+00 0.000000e+00 0.000000e+00 0.000000e+00 0.000000e+00 1.718363e-01 5.112733e-03 2.163202e-04 2.163202e-04 2.239339e-02 0.000000e+00 0.000000e+00 
1.406250e-01 1.000000e+00 7.954688e-05 3.470355e-03 0.000000e+00 0.000000e+00 0.000000e+00 0.000000e+00 0.000000e+00 0.000000e+00 0.000000e+00 1.000000e+00 0.000000e+00 0.000000e+00 0.000000e+00 0.000000e+00 1.364924e-01 5.126528e-03 1.722206e-04 -1.722206e-04 1.946596e-02 0.000000e+00 0.000000e+00 
1.406250e-01 1.000000e+00 7.954688e-05 3.470355e-03 0.000000e+00 0.000000e+00 0.000000e+00 0.000000e+00 0.000000e+00 0.000000e+00 0.000000e+00 1.000000e+00 0.000000e+00 0.000000e+00 0.000000e+00 0.000000e+00 1.364924e-01 5.126528e-03 -1.722206e-04 1.722206e-04 1.946596e-02 0.000000e+00 0.000000e+00 
1.406250e-01 1.000000e+00 7.954688e-05 3.470355e-03 0.000000e+00 0.000000e+00 0.000000e+00 0.000000e+00 0.000000e+00 0.000000e+00 0.000000e+00 1.000000e+00 0.000000e+00 0.000000e+00 0.000000e+00 0.000000e+00 1.364924e-01 5.126528e-03 -1.722206e-04 -1.722206e-04 1.946596e-02 0.000000e+00 0.000000e+00 
1.406250e-01 1.000000e+00 7.954688e-05 3.470355e-03 0.000000e+00 0.000000e+00 0.000000e+00 0.000000e+00 0.000000e+00 0.000000e+00 0.000000e+00 1.000000e+00 0.000000e+00 0.000000e+00 0.000000e+00 0.000000e+00 1.364924e-01 5.126528e-03 1.722206e-04 1.722206e-04 1.946596e-02 0.000000e+00 0.000000e+00 
1.718750e-01 1.000000e+00 7.388304e-05 3.319914e-03 0.000000e+00 0.000000e+00 0.000000e+00 0.000000e+00 0.000000e+00 0.000000e+00 0.000000e+00 1.000000e+00 0.000000e+00 0.000000e+00 0.000000e+00 0.000000e+00 1.015769e-01 4.721020e-03 1.276623e-04 -1.276623e-04 1.486837e-02 0.000000e+00 0.000000e+00 
1.718750e-01 1.000000e+00 7.388304e-05 3.319914e-03 0.000000e+00 0.000000e+00 0.000000e+00 0.000000e+00 0.000000e+00 0.000000e+00 0.000000e+00 1.000000e+00 0.000000e+00 0.000000e+00 0.000000e+00 0.000000e+00 1.015769e-01 4.721020e-03 -1.276623e-04 1.276623e-04 1.486837e-02 0.000000e+00 0.000000e+00 
1.718750e-01 1.000000e+00 7.388304e-05 3.319914e-03 0.000000e+00 0.000000e+00 0.000000e+00 0.000000e+00 0.000000e+00 0.000000e+00 0.000000e+00 1.000000e+00 0.000000e+00 0.000000e+00 0.000000e+00 0.000000e+00 1.015769e-01 4.721020e-03 1.276623e-04 1.276623e-04 1.486837e-02 0.000000e+00 0.000000e+00 
1.718750e-01 1.000000e+00 7.388304e-05 3.319914e-03 0.000000e+00 0.000000e+00 0.000000e+00 0.000000e+00 0.000000e+00 0.000000e+00 0.000000e+00 1.000000e+00 0.000000e+00 0.000000e+00 0.000000e+00 0.000000e+00 1.015769e-01 4.721020e-03 -1.276623e-04 -1.276623e-04 1.486837e-02 0.000000e+00 0.000000e+00 
2.031250e-01 1.000000e+00 6.768551e-05 3.149905e-03 0.000000e+00 0.000000e+00 0.000000e+00 0.000000e+00 0.000000e+00 0.000000e+00 0.000000e+00 1.000000e+00 0.000000e+00 0.000000e+00 0.000000e+00 0.000000e+00 7.154828e-02 3.898758e-03 -8.991051e-05 -8.991051e-05 1.301957e-02 0.000000e+00 0.000000e+00 
2.031250e-01 1.000000e+00 6.768551e-05 3.149905e-03 0.000000e+00 0.000000e+00 0.000000e+00 0.000000e+00 0.000000e+00 0.000000e+00 0.000000e+00 1.000000e+00 0.000000e+00 0.000000e+00 0.000000e+00 0.000000e+00 7.154828e-02 3.898758e-03 8.991051e-05 8.991051e-05 1.301957e-02 0.000000e+00 0.000000e+00 
2.031250e-01 1.000000e+00 6.768551e-05 3.149905e-03 0.000000e+00 0.000000e+00 0.000000e+00 0.000000e+00 0.000000e+00 0.000000e+00 0.000000e+00 1.000000e+00 0.000000e+00 0.000000e+00 0.000000e+00 0.000000e+00 7.154828e-02 3.898758e-03 8.991051e-05 -8.991051e-05 1.301957e-02 0.000000e+00 0.000000e+00 
2.031250e-01 1.000000e+00 6.768551e-05 3.149905e-03 0.000000e+00 0.000000e+00 0.000000e+00 0.000000e+00 0.000000e+00 0.000000e+00 0.000000e+00 1.000000e+00 0.000000e+00 0.000000e+00 0.000000e+00 0.000000e+00 7.154828e-02 3.898758e-03 -8.991051e-05 8.991051e-05 1.301957e-02 0.000000e+00 0.000000e+00 
2.343750e-01 1.000000e+00 6.104802e-05 2.960758e-03 0.000000e+00 0.000000e+00 0.000000e+00 0.000000e+00 0.000000e+00 0.000000e+00 0.000000e+00 1.000000e+00 0.000000e+00 0.000000e+00 0.000000e+00 0.000000e+00 4.734816e-02 2.993867e-03 5.939548e-05 -5.939548e-05 1.099082e-02 0.000000e+00 0.000000e+00 
2.343750e-01 1.000000e+00 6.104802e-05 2.960758e-03 0.000000e+00 0.000000e+00 0.000000e+00 0.000000e+00 0.000000e+00 0.000000e+00 0.000000e+00 1.000000e+00 0.000000e+00 0.000000e+00 0.000000e+00 0.000000e+00 4.734816e-02 2.993867e-03 -5.939548e-05 5.939548e-05 1.099082e-02 0.000000e+00 0.000000e+00 
2.343750e-01 1.000000e+00 6.104802e-05 2.960758e-03 0.000000e+00 0.000000e+00 0.000000e+00 0.000000e+00 0.000000e+00 0.000000e+00 0.000000e+00 1.000000e+00 0.000000e+00 0.000000e+00 0.000000e+00 0.000000e+00 4.734816e-02 2.993867e-03 -5.939548e-05 -5.939548e-05 1.099082e-02 0.000000e+00 0.000000e+00 
2.343750e-01 1.000000e+00 6.104802e-05 2.960758e-03 0.000000e+00 0.000000e+00 0.000000e+00 0.000000e+00 0.000000e+00 0.000000e+00 0.000000e+00 1.000000e+00 0.000000e+00 0.000000e+00 0.000000e+00 0.000000e+00 4.734816e-02 2.993867e-03 5.939548e-05 5.939548e-05 1.099082e-02 0.000000e+00 0.000000e+00 
2.656250e-01 1.000000e+00 5.426683e-05 2.758803e-03 0.000000e+00 0.000000e+00 0.000000e+00 0.000000e+00 0.000000e+00 0.000000e+00 0.000000e+00 1.000000e+00 0.000000e+00 0.000000e+00 0.000000e+00 0.000000e+00 2.956352e-02 2.112976e-03 -3.706328e-05 3.706328e-05 9.845548e-03 0.000000e+00 0.000000e+00 
2.656250e-01 1.000000e+00 5.426683e-05 2.758803e-03 0.000000e+00 0.000000e+00 0.000000e+00 0.000000e+00 0.000000e+00 0.000000e+00 0.000000e+00 1.000000e+00 0.000000e+00 0.000000e+00 0.000000e+00 0.000000e+00 2.956352e-02 2.112976e-03 3.706328e-05 -3.706328e-05 9.845548e-03 0.000000e+00 0.000000e+00 
2.656250e-01 1.000000e+00 5.426683e-05 2.758803e-03 0.000000e+00 0.000000e+00 0.000000e+00 0.000000e+00 0.000000e+00 0.000000e+00 0.000000e+00 1.000000e+00 0.000000e+00 0.000000e+00 0.000000e+00 0.000000e+00 2.956352e-02 2.112976e-03 3.706328e-05 3.706328e-05 9.845548e-03 0.000000e+00 0.000000e+00 
2.656250e-01 1.000000e+00 5.426683e-05 2.758803e-03 0.000000e+00 0.000000e+00 0.000000e+00 0.000000e+00 0.000000e+00 0.000000e+00 0.000000e+00 1.000000e+00 0.000000e+00 0.000000e+00 0.000000e+00 0.000000e+00 2.956352e-02 2.112976e-03 -3.706328e-05 -3.706328e-05 9.845548e-03 0.000000e+00 0.000000e+00 
2.968750e-01 1.000000e+00 4.749443e-05 2.546746e-03 0.000000e+00 0.000000e+00 0.000000e+00 0.000000e+00 0.000000e+00 0.000000e+00 0.000000e+00 1.000000e+00 0.000000e+00 0.000000e+00 0.000000e+00 0.000000e+00 1.734569e-02 1.391085e-03 -2.172353e-05 2.172353e-05 9.012899e-03 0.000000e+00 0.000000e+00 
2.968750e-01 1.000000e+00 4.749443e-05 2.546746e-03 0.000000e+00 0.000000e+00 0.000000e+00 0.000000e+00 0.000000e+00 0.000000e+00 0.000000e+00 1.000000e+00 0.000000e+00 0.000000e+00 0.000000e+00 0.000000e+00 1.734569e-02 1.391085e-03 -2.172353e-05 -2.172353e-05 9.012899e-03 0.000000e+00 0.000000e+00 
2.968750e-01 1.000000e+00 4.749443e-05 2.546746e-03 0.000000e+00 0.000000e+00 0.000000e+00 0.000000e+00 0.000000e+00 0.000000e+00 0.000000e+00 1.000000e+00 0.000000e+00 0.000000e+00 0.000000e+00 0.000000e+00 1.734569e-02 1.391085e-03 2.172353e-05 2.172353e-05 9.012899e-03 0.000000e+00 0.000000e+00 
2.968750e-01 1.000000e+00 4.749443e-05 2.546746e-03 0.000000e+00 0.000000e+00 0.000000e+00 0.000000e+00 0.000000e+00 0.000000e+00 0.000000e+00 1.000000e+00 0.000000e+00 0.000000e+00 0.000000e+00 0.000000e+00 1.734569e-02 1.391085e-03 2.172353e-05 -2.172353e-05 9.012899e-03 0.000000e+00 0.000000e+00 
3.281250e-01 1.000000e+00 4.093173e-05 2.329357e-03 0.000000e+00 0.000000e+00 0.000000e+00 0.000000e+00 0.000000e+00 0.000000e+00 0.000000e+00 1.000000e+00 0.000000e+00 0.000000e+00 0.000000e+00 0.000000e+00 9.569011e-03 8.496527e-04 -1.198013e-05 1.198013e-05 8.000676e-03 0.000000e+00 0.000000e+00 
3.281250e-01 1.000000e+00 4.093173e-05 2.329357e-03 0.000000e+00 0.000000e+00 0.000000e+00 0.000000e+00 0.000000e+00 0.000000e+00 0.000000e+00 1.000000e+00 0.000000e+00 0.000000e+00 0.000000e+00 0.000000e+00 9.569011e-03 8.496527e-04 -1.198013e-05 -1.198013e-05 8.000676e-03 0.000000e+00 0.000000e+00 
3.281250e-01 1.000000e+00 4.093173e-05 2.329357e-03 0.000000e+00 0.000000e+00 0.000000e+00 0.000000e+00 0.000000e+00 0.000000e+00 0.000000e+00 1.000000e+00 0.000000e+00 0.000000e+00 0.000000e+00 0.000000e+00 9.569011e-03 8.496527e-04 1.198013e-05 1.198013e-05 8.000676e-03 0.000000e+00 0.000000e+00 
3.281250e-01 1.000000e+00 4.093173e-05 2.329357e-03 0.000000e+00 0.000000e+00 0.000000e+00 0.000000e+00 0.000000e+00 0.000000e+00 0.000000e+00 1.000000e+00 0.000000e+00 0.000000e+00 0.000000e+00 0.000000e+00 9.569011e-03 8.496527e-04 1.198013e-05 -1.198013e-05 8.000676e-03 0.000000e+00 0.000000e+00 
3.593750e-01 1.000000e+00 3.470643e-05 2.109823e-03 0.000000e+00 0.000000e+00 0.000000e+00 0.000000e+00 0.000000e+00 0.000000e+00 0.000000e+00 1.000000e+00 0.000000e+00 0.000000e+00 0.000000e+00 0.000000e+00 4.946291e-03 4.839924e-04 -6.193311e-06 6.193311e-06 7.312024e-03 0.000000e+00 0.000000e+00 
3.593750e-01 1.000000e+00 3.470643e-05 2.109823e-03 0.000000e+00 0.000000e+00 0.000000e+00 0.000000e+00 0.000000e+00 0.000000e+00 0.000000e+00 1.000000e+00 0.000000e+00 0.000000e+00 0.000000e+00 0.000000e+00 4.946291e-03 4.839924e-04 -6.193311e-06 -6.193311e-06 7.312024e-03 0.000000e+00 0.000000e+00 
3.593750e-01 1.000000e+00 3.470643e-05 2.109823e-03 0.000000e+00 0.000000e+00 0.000000e+00 0.000000e+00 0.000000e+00 0.000000e+00 0.000000e+00 1.000000e+00 0.000000e+00 0.000000e+00 0.000000e+00 0.000000e+00 4.946291e-03 4.839924e-04 6.193311e-06 6.193311e-06 7.312024e-03 0.000000e+00 0.000000e+00 
3.593750e-01 1.000000e+00 3.470643e-05 2.109823e-03 0.000000e+00 0.000000e+00 0.000000e+00 0.000000e+00 0.000000e+00 0.000000e+00 0.000000e+00 1.000000e+00 0.000000e+00 0.000000e+00 0.000000e+00 0.000000e+00 4.946291e-03 4.839924e-04 6.193311e-06 -6.193311e-06 7.312024e-03 0.000000e+00 0.000000e+00 
3.906250e-01 1.000000e+00 2.893127e-05 1.891562e-03 0.000000e+00 0.000000e+00 0.000000e+00 0.000000e+00 0.000000e+00 0.000000e+00 0.000000e+00 1.000000e+00 0.000000e+00 0.000000e+00 0.000000e+00 0.000000e+00 2.388575e-03 2.561739e-04 -2.995857e-06 -2.995857e-06 8.248517e-03 0.000000e+00 0.000000e+00 
3.906250e-01 1.000000e+00 2.893127e-05 1.891562e-03 0.000000e+00 0.000000e+00 0.000000e+00 0.000000e+00 0.000000e+00 0.000000e+00 0.000000e+00 1.000000e+00 0.000000e+00 0.000000e+00 0.000000e+00 0.000000e+00 2.388575e-03 2.561739e-04 -2.995857e-06 2.995857e-06 8.248517e-03 0.000000e+00 0.000000e+00 
3.906250e-01 1.000000e+00 2.893127e-05 1.891562e-03 0.000000e+00 0.000000e+00 0.000000e+00 0.000000e+00 0.000000e+00 0.000000e+00 0.000000e+00 1.000000e+00 0.000000e+00 0.000000e+00 0.000000e+00 0.000000e+00 2.388575e-03 2.561739e-04 2.995857e-06 2.995857e-06 8.248517e-03 0.000000e+00 0.000000e+00 
3.906250e-01 1.000000e+00 2.893127e-05 1.891562e-03 0.000000e+00 0.000000e+00 0.000000e+00 0.000000e+00 0.000000e+00 0.000000e+00 0.000000e+00 1.000000e+00 0.000000e+00 0.000000e+00 0.000000e+00 0.000000e+00 2.388575e-03 2.561739e-04 2.995857e-06 -2.995857e-06 8.248517e-03 0.000000e+00 0.000000e+00 
4.218750e-01 1.000000e+00 2.367324e-05 1.677083e-03 0.000000e+00 0.000000e+00 0.000000e+00 0.000000e+00 0.000000e+00 0.000000e+00 0.000000e+00 1.000000e+00 0.000000e+00 0.000000e+00 0.000000e+00 0.000000e+00 1.070948e-03 1.259342e-04 -1.349106e-06 -1.349106e-06 1.158657e-02 0.000000e+00 0.000000e+00 
4.218750e-01 1.000000e+00 2.367324e-05 1.677083e-03 0.000000e+00 0.000000e+00 0.000000e+00 0.000000e+00 0.000000e+00 0.000000e+00 0.000000e+00 1.000000e+00 0.000000e+00 0.000000e+00 0.000000e+00 0.000000e+00 1.070948e-03 1.259342e-04 1.349106e-06 1.349106e-06 1.158657e-02 0.000000e+00 0.000000e+00 
4.218750e-01 1.000000e+00 2.367324e-05 1.677083e-03 0.000000e+00 0.000000e+00 0.000000e+00 0.000000e+00 0.000000e+00 0.000000e+00 0.000000e+00 1.000000e+00 0.000000e+00 0.000000e+00 0.000000e+00 0.000000e+00 1.070948e-03 1.259342e-04 1.349106e-06 -1.349106e-06 1.158657e-02 0.000000e+00 0.000000e+00 
4.218750e-01 1.000000e+00 2.367324e-05 1.677083e-03 0.000000e+00 0.000000e+00 0.000000e+00 0.000000e+00 0.000000e+00 0.000000e+00 0.000000e+00 1.000000e+00 0.000000e+00 0.000000e+00 0.000000e+00 0.000000e+00 1.070948e-03 1.259342e-04 -1.349106e-06 1.349106e-06 1.158657e-02 0.000000e+00 0.000000e+00 
4.531250e-01 1.000000e+00 1.895686e-05 1.467776e-03 0.000000e+00 0.000000e+00 0.000000e+00 0.000000e+00 0.000000e+00 0.000000e+00 0.000000e+00 1.000000e+00 0.000000e+00 0.000000e+00 0.000000e+00 0.000000e+00 4.405357e-04 5.730107e-05 -5.635400e-07 5.635400e-07 2.289354e-02 0.000000e+00 0.000000e+00 
4.531250e-01 1.000000e+00 1.895686e-05 1.467776e-03 0.000000e+00 0.000000e+00 0.000000e+00 0.000000e+00 0.000000e+00 0.000000e+00 0.000000e+00 1.000000e+00 0.000000e+00 0.000000e+00 0.000000e+00 0.000000e+00 4.405357e-04 5.730107e-05 5.635400e-07 -5.635400e-07 2.289354e-02 0.000000e+00 0.000000e+00 
4.531250e-01 1.000000e+00 1.895686e-05 1.467776e-03 0.000000e+00 0.000000e+00 0.000000e+00 0.000000e+00 0.000000e+00 0.000000e+00 0.000000e+00 1.000000e+00 0.000000e+00 0.000000e+00 0.000000e+00 0.000000e+00 4.405357e-04 5.730107e-05 -5.635400e-07 -5.635400e-07 2.289354e-02 0.000000e+00 0.000000e+00 
4.531250e-01 1.000000e+00 1.895686e-05 1.467776e-03 0.000000e+00 0.000000e+00 0.000000e+00 0.000000e+00 0.000000e+00 0.000000e+00 0.000000e+00 1.000000e+00 0.000000e+00 0.000000e+00 0.000000e+00 0.000000e+00 4.405357e-04 5.730107e-05 5.635400e-07 5.635400e-07 2.289354e-02 0.000000e+00 0.000000e+00 
4.843750e-01 1.000000e+00 1.474571e-05 1.262407e-03 0.000000e+00 0.000000e+00 0.000000e+00 0.000000e+00 0.000000e+00 0.000000e+00 0.000000e+00 1.000000e+00 0.000000e+00 0.000000e+00 0.000000e+00 0.000000e+00 1.614623e-04 2.371943e-05 2.130382e-07 -2.130382e-07 1.107771e-01 0.000000e+00 0.000000e+00 
4.843750e-01 1.000000e+00 1.474571e-05 1.262407e-03 0.000000e+00 0.000000e+00 0.000000e+00 0.000000e+00 0.000000e+00 0.000000e+00 0.000000e+00 1.000000e+00 0.000000e+00 0.000000e+00 0.000000e+00 0.000000e+00 1.614623e-04 2.371943e-05 2.130382e-07 2.130382e-07 1.107771e-01 0.000000e+00 0.000000e+00 
4.843750e-01 1.000000e+00 1.474571e-05 1.262407e-03 0.000000e+00 0.000000e+00 0.000000e+00 0.000000e+00 0.000000e+00 0.000000e+00 0.000000e+00 1.000000e+00 0.000000e+00 0.000000e+00 0.000000e+00 0.000000e+00 1.614623e-04 2.371943e-05 -2.130382e-07 -2.130382e-07 1.107771e-01 0.000000e+00 0.000000e+00 
4.843750e-01 1.000000e+00 1.474571e-05 1.262407e-03 0.000000e+00 0.000000e+00 0.000000e+00 0.000000e+00 0.000000e+00 0.000000e+00 0.000000e+00 1.000000e+00 0.000000e+00 0.000000e+00 0.000000e+00 0.000000e+00 1.614623e-04 2.371943e-05 -2.130382e-07 2.130382e-07 1.107771e-01 0.000000e+00 0.000000e+00 
5.156250e-01 1.000000e+00 1.101403e-05 1.059663e-03 0.000000e+00 0.000000e+00 0.000000e+00 0.000000e+00 0.000000e+00 0.000000e+00 0.000000e+00 1.000000e+00 0.000000e+00 0.000000e+00 0.000000e+00 0.000000e+00 5.047287e-05 9.260454e-06 7.539051e-08 -7.539051e-08 6.919826e-02 0.000000e+00 0.000000e+00 
5.156250e-01 1.000000e+00 1.101403e-05 1.059663e-03 0.000000e+00 0.000000e+00 0.000000e+00 0.000000e+00 0.000000e+00 0.000000e+00 0.000000e+00 1.000000e+00 0.000000e+00 0.000000e+00 0.000000e+00 0.000000e+00 5.047287e-05 9.260454e-06 -7.539051e-08 -7.539051e-08 6.919826e-02 0.000000e+00 0.000000e+00 
5.156250e-01 1.000000e+00 1.101403e-05 1.059663e-03 0.000000e+00 0.000000e+00 0.000000e+00 0.000000e+00 0.000000e+00 0.000000e+00 0.000000e+00 1.000000e+00 0.000000e+00 0.000000e+00 0.000000e+00 0.000000e+00 5.047287e-05 9.260454e-06 -7.539051e-08 7.539051e-08 6.919826e-02 0.000000e+00 0.000000e+00 
5.156250e-01 1.000000e+00 1.101403e-05 1.059663e-03 0.000000e+00 0.000000e+00 0.000000e+00 0.000000e+00 0.000000e+00 0.000000e+00 0.000000e+00 1.000000e+00 0.000000e+00 0.000000e+00 0.000000e+00 0.000000e+00 5.047287e-05 9.260454e-06 7.539051e-08 7.539051e-08 6.919826e-02 0.000000e+00 0.000000e+00 
5.468750e-01 1.000000e+00 6.905486e-06 8.007861e-04 0.000000e+00 0.000000e+00 0.000000e+00 0.000000e+00 0.000000e+00 0.000000e+00 0.000000e+00 1.000000e+00 0.000000e+00 0.000000e+00 0.000000e+00 0.000000e+00 8.098056e-06 2.278471e-06 -1.752786e-08 1.752786e-08 -2.580586e-01 0.000000e+00 0.000000e+00 
5.468750e-01 1.000000e+00 6.905486e-06 8.007861e-04 0.000000e+00 0.000000e+00 0.000000e+00 0.000000e+00 0.000000e+00 0.000000e+00 0.000000e+00 1.000000e+00 0.000000e+00 0.000000e+00 0.000000e+00 0.000000e+00 8.098056e-06 2.278471e-06 1.752786e-08 -1.752786e-08 -2.580586e-01 0.000000e+00 0.000000e+00 
5.468750e-01 1.000000e+00 6.905486e-06 8.007861e-04 0.000000e+00 0.000000e+00 0.000000e+00 0.000000e+00 0.000000e+00 0.000000e+00 0.000000e+00 1.000000e+00 0.000000e+00 0.000000e+00 0.000000e+00 0.000000e+00 8.098056e-06 2.278471e-06 1.752786e-08 1.752786e-08 -2.580586e-01 0.000000e+00 0.000000e+00 
5.468750e-01 1.000000e+00 6.905486e-06 8.007861e-04 0.000000e+00 0.000000e+00 0.000000e+00 0.000000e+00 0.000000e+00 0.000000e+00 0.000000e+00 1.000000e+00 0.000000e+00 0.000000e+00 0.000000e+00 0.000000e+00 8.098056e-06 2.278471e-06 -1.752786e-08 -1.752786e-08 -2.580586e-01 0.000000e+00 0.000000e+00 
5.781250e-01 1.000000e+00 2.313899e-06 4.155341e-04 0.000000e+00 0.000000e+00 0.000000e+00 0.000000e+00 0.000000e+00 0.000000e+00 0.000000e+00 1.000000e+00 0.000000e+00 0.000000e+00 0.000000e+00 0.000000e+00 3.672020e-07 2.520523e-07 1.518920e-09 1.518920e-09 -4.669773e-02 0.000000e+00 0.000000e+00 
5.781250e-01 1.000000e+00 2.313899e-06 4.155341e-04 0.000000e+00 0.000000e+00 0.000000e+00 0.000000e+00 0.000000e+00 0.000000e+00 0.000000e+00 1.000000e+00 0.000000e+00 0.000000e+00 0.000000e+00 0.000000e+00 3.672020e-07 2.520523e-07 -1.518920e-09 1.518920e-09 -4.669773e-02 0.000000e+00 0.000000e+00 
5.781250e-01 1.000000e+00 2.313899e-06 4.155341e-04 0.000000e+00 0.000000e+00 0.000000e+00 0.000000e+00 0.000000e+00 0.000000e+00 0.000000e+00 1.000000e+00 0.000000e+00 0.000000e+00 0.000000e+00 0.000000e+00 3.672020e-07 2.520523e-07 1.518920e-09 -1.518920e-09 -4.669773e-02 0.000000e+00 0.000000e+00 
5.781250e-01 1.000000e+00 2.313899e-06 4.155341e-04 0.000000e+00 0.000000e+00 0.000000e+00 0.000000e+00 0.000000e+00 0.000000e+00 0.000000e+00 1.000000e+00 0.000000e+00 0.000000e+00 0.000000e+00 0.000000e+00 3.672020e-07 2.520523e-07 -1.518920e-09 -1.518920e-09 -4.669773e-02 0.000000e+00 0.000000e+00 
6.093750e-01 1.000000e+00 5.691570e-07 1.791180e-04 0.000000e+00 0.000000e+00 0.000000e+00 0.000000e+00 0.000000e+00 0.000000e+00 0.000000e+00 1.000000e+00 0.000000e+00 0.000000e+00 0.000000e+00 0.000000e+00 2.538512e-08 2.254015e-08 -1.329522e-10 -1.329522e-10 3.997021e-03 0.000000e+00 0.000000e+00 
6.093750e-01 1.000000e+00 5.691570e-07 1.791180e-04 0.000000e+00 0.000000e+00 0.000000e+00 0.000000e+00 0.000000e+00 0.000000e+00 0.000000e+00 1.000000e+00 0.000000e+00 0.000000e+00 0.000000e+00 0.000000e+00 2.538512e-08 2.254015e-08 1.329522e-10 1.329522e-10 3.997021e-03 0.000000e+00 0.000000e+00 
6.093750e-01 1.000000e+00 5.691570e-07 1.791180e-04 0.000000e+00 0.000000e+00 0.000000e+00 0.000000e+00 0.000000e+00 0.000000e+00 0.000000e+00 1.000000e+00 0.000000e+00 0.000000e+00 0.000000e+00 0.000000e+00 2.538512e-08 2.254015e-08 -1.329522e-10 1.329522e-10 3.997021e-03 0.000000e+00 0.000000e+00 
6.093750e-01 1.000000e+00 5.691570e-07 1.791180e-04 0.000000e+00 0.000000e+00 0.000000e+00 0.000000e+00 0.000000e+00 0.000000e+00 0.000000e+00 1.000000e+00 0.000000e+00 0.000000e+00 0.000000e+00 0.000000e+00 2.538512e-08 2.254015e-08 1.329522e-10 -1.329522e-10 3.997021e-03 0.000000e+00 0.000000e+00 
6.406250e-01 1.000000e+00 4.262217e-07 1.505849e-04 0.000000e+00 0.000000e+00 0.000000e+00 0.000000e+00 0.000000e+00 0.000000e+00 0.000000e+00 1.000000e+00 0.000000e+00 0.000000e+00 0.000000e+00 0.000000e+00 1.999386e-09 1.743126e-09 1.126108e-11 1.126108e-11 -2.738470e-02 0.000000e+00 0.000000e+00 
6.406250e-01 1.000000e+00 4.262217e-07 1.505849e-04 0.000000e+00 0.000000e+00 0.000000e+00 0.000000e+00 0.000000e+00 0.000000e+00 0.000000e+00 1.000000e+00 0.000000e+00 0.000000e+00 0.000000e+00 0.000000e+00 1.999386e-09 1.743126e-09 -1.126108e-11 -1.126108e-11 -2.738470e-02 0.000000e+00 0.000000e+00 
6.406250e-01 1.000000e+00 4.262217e-07 1.505849e-04 0.000000e+00 0.000000e+00 0.000000e+00 0.000000e+00 0.000000e+00 0.000000e+00 0.000000e+00 1.000000e+00 0.000000e+00 0.000000e+00 0.000000e+00 0.000000e+00 1.999386e-09 1.743126e-09 -1.126108e-11 1.126108e-11 -2.738470e-02 0.000000e+00 0.000000e+00 
6.406250e-01 1.000000e+00 4.262217e-07 1.505849e-04 0.000000e+00 0.000000e+00 0.000000e+00 0.000000e+00 0.000000e+00 0.000000e+00 0.000000e+00 1.000000e+00 0.000000e+00 0.000000e+00 0.000000e+00 0.000000e+00 1.999386e-09 1.743126e-09 1.126108e-11 -1.126108e-11 -2.738470e-02 0.000000e+00 0.000000e+00 
6.718750e-01 1.000000e+00 4.148996e-07 1.481719e-04 0.000000e+00 0.000000e+00 0.000000e+00 0.000000e+00 0.000000e+00 0.000000e+00 0.000000e+00 1.000000e+00 0.000000e+00 0.000000e+00 0.000000e+00 0.000000e+00 2.796656e-10 1.508509e-10 -1.178226e-12 1.178226e-12 7.427554e-02 0.000000e+00 0.000000e+00 
6.718750e-01 1.000000e+00 4.148996e-07 1.481719e-04 0.000000e+00 0.000000e+00 0.000000e+00 0.000000e+00 0.000000e+00 0.000000e+00 0.000000e+00 1.000000e+00 0.000000e+00 0.000000e+00 0.000000e+00 0.000000e+00 2.796656e-10 1.508509e-10 1.178226e-12 -1.178226e-12 7.427554e-02 0.000000e+00 0.000000e+00 
6.718750e-01 1.000000e+00 4.148996e-07 1.481719e-04 0.000000e+00 0.000000e+00 0.000000e+00 0.000000e+00 0.000000e+00 0.000000e+00 0.000000e+00 1.000000e+00 0.000000e+00 0.000000e+00 0.000000e+00 0.000000e+00 2.796656e-10 1.508509e-10 1.178226e-12 1.178226e-12 7.427554e-02 0.000000e+00 0.000000e+00 
6.718750e-01 1.000000e+00 4.148996e-07 1.481719e-04 0.000000e+00 0.000000e+00 0.000000e+00 0.000000e+00 0.000000e+00 0.000000e+00 0.000000e+00 1.000000e+00 0.000000e+00 0.000000e+00 0.000000e+00 0.000000e+00 2.796656e-10 1.508509e-10 -1.178226e-12 -1.178226e-12 7.427554e-02 0.000000e+00 0.000000e+00 
7.031250e-01 1.000000e+00 4.139039e-07 1.479584e-04 0.000000e+00 0.000000e+00 0.000000e+00 0.000000e+00 0.000000e+00 0.000000e+00 0.000000e+00 1.000000e+00 0.000000e+00 0.000000e+00 0.000000e+00 0.000000e+00 1.111239e-10 6.761120e-12 -5.571016e-14 -5.571016e-14 6.667880e-02 0.000000e+00 0.000000e+00 
7.031250e-01 1.000000e+00 4.139039e-07 1.479584e-04 0.000000e+00 0.000000e+00 0.000000e+00 0.000000e+00 0.000000e+00 0.000000e+00 0.000000e+00 1.000000e+00 0.000000e+00 0.000000e+00 0.000000e+00 0.000000e+00 1.111239e-10 6.761120e-12 5.571016e-14 -5.571016e-14 6.667880e-02 0.000000e+00 0.000000e+00 
7.031250e-01 1.000000e+00 4.139039e-07 1.479584e-04 0.000000e+00 0.000000e+00 0.000000e+00 0.000000e+00 0.000000e+00 0.000000e+00 0.000000e+00 1.000000e+00 0.000000e+00 0.000000e+00 0.000000e+00 0.000000e+00 1.111239e-10 6.761120e-12 5.571016e-14 5.571016e-14 6.667880e-02 0.000000e+00 0.000000e+00 
7.031250e-01 1.000000e+00 4.139039e-07 1.479584e-04 0.000000e+00 0.000000e+00 0.000000e+00 0.000000e+00 0.000000e+00 0.000000e+00 0.000000e+00 1.000000e+00 0.000000e+00 0.000000e+00 0.000000e+00 0.000000e+00 1.111239e-10 6.761120e-12 -5.571016e-14 5.571016e-14 6.667880e-02 0.000000e+00 0.000000e+00 
7.343750e-01 1.000000e+00 4.138529e-07 1.479475e-04 0.000000e+00 0.000000e+00 0.000000e+00 0.000000e+00 0.000000e+00 0.000000e+00 0.000000e+00 1.000000e+00 0.000000e+00 0.000000e+00 0.000000e+00 0.000000e+00 1.004584e-10 2.676771e-13 -1.749428e-15 -1.749428e-15 3.700400e-03 0.000000e+00 0.000000e+00 
7.343750e-01 1.000000e+00 4.138529e-07 1.479475e-04 0.000000e+00 0.000000e+00 0.000000e+00 0.000000e+00 0.000000e+00 0.000000e+00 0.000000e+00 1.000000e+00 0.000000e+00 0.000000e+00 0.000000e+00 0.000000e+00 1.004584e-10 2.676771e-13 1.749428e-15 -1.749428e-15 3.700400e-03 0.000000e+00 0.000000e+00 
7.343750e-01 1.000000e+00 4.138529e-07 1.479475e-04 0.000000e+00 0.000000e+00 0.000000e+00 0.000000e+00 0.000000e+00 0.000000e+00 0.000000e+00 1.000000e+00 0.000000e+00 0.000000e+00 0.000000e+00 0.000000e+00 1.004584e-10 2.676771e-13 -1.749428e-15 1.749428e-15 3.700400e-03 0.000000e+00 0.000000e+00 
7.343750e-01 1.000000e+00 4.138529e-07 1.479475e-04 0.000000e+00 0.000000e+00 0.000000e+00 0.000000e+00 0.000000e+00 0.000000e+00 0.000000e+00 1.000000e+00 0.000000e+00 0.000000e+00 0.000000e+00 0.000000e+00 1.004584e-10 2.676771e-13 1.749428e-15 1.749428e-15 3.700400e-03 0.000000e+00 0.000000e+00 
7.656250e-01 1.000000e+00 4.138509e-07 1.479471e-04 0.000000e+00 0.000000e+00 0.000000e+00 0.000000e+00 0.000000e+00 0.000000e+00 0.000000e+00 1.000000e+00 0.000000e+00 0.000000e+00 0.000000e+00 0.000000e+00 1.000169e-10 1.091901e-14 -6.650375e-17 -6.650374e-17 1.895108e-04 0.000000e+00 0.000000e+00 
7.656250e-01 1.000000e+00 4.138509e-07 1.479471e-04 0.000000e+00 0.000000e+00 0.000000e+00 0.000000e+00 0.000000e+00 0.000000e+00 0.000000e+00 1.000000e+00 0.000000e+00 0.000000e+00 0.000000e+00 0.000000e+00 1.000169e-10 1.091901e-14 6.650388e-17 -6.650371e-17 1.895108e-04 0.000000e+00 0.000000e+00 
7.656250e-01 1.000000e+00 4.138509e-07 1.479471e-04 0.000000e+00 0.000000e+00 0.000000e+00 0.000000e+00 0.000000e+00 0.000000e+00 0.000000e+00 1.000000e+00 0.000000e+00 0.000000e+00 0.000000e+00 0.000000e+00 1.000169e-10 1.091901e-14 -6.650372e-17 6.650391e-17 1.895108e-04 0.000000e+00 0.000000e+00 
7.656250e-01 1.000000e+00 4.138509e-07 1.479471e-04 0.000000e+00 0.000000e+00 0.000000e+00 0.000000e+00 0.000000e+00 0.000000e+00 0.000000e+00 1.000000e+00 0.000000e+00 0.000000e+00 0.000000e+00 0.000000e+00 1.000169e-10 1.091901e-14 6.650379e-17 6.650383e-17 1.895108e-04 0.000000e+00 0.000000e+00 
7.968750e-01 1.000000e+00 4.138508e-07 1.479470e-04 0.000000e+00 0.000000e+00 0.000000e+00 0.000000e+00 0.000000e+00 0.000000e+00 0.000000e+00 1.000000e+00 0.000000e+00 0.000000e+00 0.000000e+00 0.000000e+00 9.999884e-11 4.377117e-16 2.639231e-18 2.639212e-18 3.926105e-05 0.000000e+00 0.000000e+00 
7.968750e-01 1.000000e+00 4.138508e-07 1.479470e-04 0.000000e+00 0.000000e+00 0.000000e+00 0.000000e+00 0.000000e+00 0.000000e+00 0.000000e+00 1.000000e+00 0.000000e+00 0.000000e+00 0.000000e+00 0.000000e+00 9.999884e-11 4.377117e-16 -2.639212e-18 2.639213e-18 3.926105e-05 0.000000e+00 0.000000e+00 
7.968750e-01 1.000000e+00 4.138508e-07 1.479470e-04 0.000000e+00 0.000000e+00 0.000000e+00 0.000000e+00 0.000000e+00 0.000000e+00 0.000000e+00 1.000000e+00 0.000000e+00 0.000000e+00 0.000000e+00 0.000000e+00 9.999884e-11 4.377117e-16 2.639233e-18 -2.639240e-18 3.926105e-05 0.000000e+00 0.000000e+00 
7.968750e-01 1.000000e+00 4.138508e-07 1.479470e-04 0.000000e+00 0.000000e+00 0.000000e+00 0.000000e+00 0.000000e+00 0.000000e+00 0.000000e+00 1.000000e+00 0.000000e+00 0.000000e+00 0.000000e+00 0.000000e+00 9.999884e-11 4.377117e-16 -2.639214e-18 -2.639228e-18 3.926105e-05 0.000000e+00 0.000000e+00 
8.281250e-01 1.000000e+00 4.138508e-07 1.479470e-04 0.000000e+00 0.000000e+00 0.000000e+00 0.000000e+00 0.000000e+00 0.000000e+00 0.000000e+00 1.000000e+00 0.000000e+00 0.000000e+00 0.000000e+00 0.000000e+00 9.999812e-11 1.723421e-17 -1.210511e-19 -1.210386e-19 3.203652e-05 0.000000e+00 0.000000e+00 
8.281250e-01 1.000000e+00 4.138508e-07 1.479470e-04 0.000000e+00 0.000000e+00 0.000000e+00 0.000000e+00 0.000000e+00 0.000000e+00 0.000000e+00 1.000000e+00 0.000000e+00 0.000000e+00 0.000000e+00 0.000000e+00 9.999812e-11 1.723423e-17 -1.210207e-19 1.210335e-19 3.203651e-05 0.000000e+00 0.000000e+00 
8.281250e-01 1.000000e+00 4.138508e-07 1.479470e-04 0.000000e+00 0.000000e+00 0.000000e+00 0.000000e+00 0.000000e+00 0.000000e+00 0.000000e+00 1.000000e+00 0.000000e+00 0.000000e+00 0.000000e+00 0.000000e+00 9.999812e-11 1.723426e-17 1.210280e-19 1.210546e-19 3.203652e-05 0.000000e+00 0.000000e+00 
8.281250e-01 1.000000e+00 4.138508e-07 1.479470e-04 0.000000e+00 0.000000e+00 0.000000e+00 0.000000e+00 0.000000e+00 0.000000e+00 0.000000e+00 1.000000e+00 0.000000e+00 0.000000e+00 0.000000e+00 0.000000e+00 9.999812e-11 1.723421e-17 1.210268e-19 -1.210382e-19 3.203651e-05 0.000000e+00 0.000000e+00 
8.593750e-01 1.000000e+00 4.138508e-07 1.479470e-04 0.000000e+00 0.000000e+00 0.000000e+00 0.000000e+00 0.000000e+00 0.000000e+00 0.000000e+00 1.000000e+00 0.000000e+00 0.000000e+00 0.000000e+00 0.000000e+00 9.999809e-11 9.134231e-19 -2.517694e-20 -2.511633e-20 3.063274e-05 0.000000e+00 0.000000e+00 
8.593750e-01 1.000000e+00 4.138508e-07 1.479470e-04 0.000000e+00 0.000000e+00 0.000000e+00 0.000000e+00 0.000000e+00 0.000000e+00 0.000000e+00 1.000000e+00 0.000000e+00 0.000000e+00 0.000000e+00 0.000000e+00 9.999809e-11 9.133612e-19 2.514034e-20 2.516762e-20 3.063274e-05 0.000000e+00 0.000000e+00 
8.593750e-01 1.000000e+00 4.138508e-07 1.479470e-04 0.000000e+00 0.000000e+00 0.000000e+00 0.000000e+00 0.000000e+00 0.000000e+00 0.000000e+00 1.000000e+00 0.000000e+00 0.000000e+00 0.000000e+00 0.000000e+00 9.999809e-11 9.133897e-19 2.513192e-20 -2.512376e-20 3.063274e-05 0.000000e+00 0.000000e+00 
8.593750e-01 1.000000e+00 4.138508e-07 1.479470e-04 0.000000e+00 0.000000e+00 0.000000e+00 0.000000e+00 0.000000e+00 0.000000e+00 0.000000e+00 1.000000e+00 0.000000e+00 0.000000e+00 0.000000e+00 0.000000e+00 9.999809e-11 9.134124e-19 -2.512586e-20 2.512251e-20 3.063274e-05 0.000000e+00 0.000000e+00 
8.906250e-01 1.000000e+00 4.138508e-07 1.479470e-04 0.000000e+00 0.000000e+00 0.000000e+00 0.000000e+00 0.000000e+00 0.000000e+00 0.000000e+00 1.000000e+00 0.000000e+00 0.000000e+00 0.000000e+00 0.000000e+00 9.999808e-11 6.509940e-19 1.966069e-20 -1.966150e-20 2.953934e-05 0.000000e+00 0.000000e+00 
8.906250e-01 1.000000e+00 4.138508e-07 1.479470e-04 0.000000e+00 0.000000e+00 0.000000e+00 0.000000e+00 0.000000e+00 0.000000e+00 0.000000e+00 1.000000e+00 0.000000e+00 0.000000e+00 0.000000e+00 0.000000e+00 9.999808e-11 6.509916e-19 -1.971949e-20 1.962969e-20 2.953934e-05 0.000000e+00 0.000000e+00 
8.906250e-01 1.000000e+00 4.138508e-07 1.479470e-04 0.000000e+00 0.000000e+00 0.000000e+00 0.000000e+00 0.000000e+00 0.000000e+00 0.000000e+00 1.000000e+00 0.000000e+00 0.000000e+00 0.000000e+00 0.000000e+00 9.999808e-11 6.509741e-19 1.966002e-20 1.966780e-20 2.953934e-05 0.000000e+00 0.000000e+00 
8.906250e-01 1.000000e+00 4.138508e-07 1.479470e-04 0.000000e+00 0.000000e+00 0.000000e+00 0.000000e+00 0.000000e+00 0.000000e+00 0.000000e+00 1.000000e+00 0.000000e+00 0.000000e+00 0.000000e+00 0.000000e+00 9.999808e-11 6.509949e-19 -1.973836e-20 -1.962896e-20 2.953934e-05 0.000000e+00 0.000000e+00 
9.218750e-01 1.000000e+00 4.138508e-07 1.479470e-04 0.000000e+00 0.000000e+00 0.000000e+00 0.000000e+00 0.000000e+00 0.000000e+00 0.000000e+00 1.000000e+00 0.000000e+00 0.000000e+00 0.000000e+00 0.000000e+00 9.999808e-11 -9.484217e-19 -1.802874e-20 1.803102e-20 3.006697e-05 0.000000e+00 0.000000e+00 
9.218750e-01 1.000000e+00 4.138508e-07 1.479470e-04 0.000000e+00 0.000000e+00 0.000000e+00 0.000000e+00 0.000000e+00 0.000000e+00 0.000000e+00 1.000000e+00 0.000000e+00 0.000000e+00 0.000000e+00 0.000000e+00 9.999808e-11 -9.483910e-19 1.798318e-20 1.804017e-20 3.006697e-05 0.000000e+00 0.000000e+00 
9.218750e-01 1.000000e+00 4.138508e-07 1.479470e-04 0.000000e+00 0.000000e+00 0.000000e+00 0.000000e+00 0.000000e+00 0.000000e+00 0.000000e+00 1.000000e+00 0.000000e+00 0.000000e+00 0.000000e+00 0.000000e+00 9.999808e-11 -9.484082e-19 -1.801688e-20 -1.803154e-20 3.006697e-05 0.000000e+00 0.000000e+00 
9.218750e-01 1.000000e+00 4.138508e-07 1.479470e-04 0.000000e+00 0.000000e+00 0.000000e+00 0.000000e+00 0.000000e+00 0.000000e+00 0.000000e+00 1.000000e+00 0.000000e+00 0.000000e+00 0.000000e+00 0.000000e+00 9.999808e-11 -9.483711e-19 1.798079e-20 -1.804768e-20 3.006697e-05 0.000000e+00 0.000000e+00 
9.531250e-01 1.000000e+00 4.138507e-07 1.479470e-04 0.000000e+00 0.000000e+00 0.000000e+00 0.000000e+00 0.000000e+00 0.000000e+00 0.000000e+00 1.000000e+00 0.000000e+00 0.000000e+00 0.000000e+00 0.000000e+00 9.999805e-11 -2.358023e-17 1.854923e-20 1.855354e-20 5.822942e-04 0.000000e+00 0.000000e+00 
9.531250e-01 1.000000e+00 4.138507e-07 1.479470e-04 0.000000e+00 0.000000e+00 0.000000e+00 0.000000e+00 0.000000e+00 0.000000e+00 0.000000e+00 1.000000e+00 0.000000e+00 0.000000e+00 0.000000e+00 0.000000e+00 9.999805e-11 -2.358021e-17 1.854464e-20 -1.863767e-20 5.822942e-04 0.000000e+00 0.000000e+00 
9.531250e-01 1.000000e+00 4.138507e-07 1.479470e-04 0.000000e+00 0.000000e+00 0.000000e+00 0.000000e+00 0.000000e+00 0.000000e+00 0.000000e+00 1.000000e+00 0.000000e+00 0.000000e+00 0.000000e+00 0.000000e+00 9.999805e-11 -2.358024e-17 -1.854229e-20 -1.863030e-20 5.822942e-04 0.000000e+00 0.000000e+00 
9.531250e-01 1.000000e+00 4.138507e-07 1.479470e-04 0.000000e+00 0.000000e+00 0.000000e+00 0.000000e+00 0.000000e+00 0.000000e+00 0.000000e+00 1.000000e+00 0.000000e+00 0.000000e+00 0.000000e+00 0.000000e+00 9.999805e-11 -2.358026e-17 -1.860356e-20 1.857513e-20 5.822942e-04 0.000000e+00 0.000000e+00 
9.843750e-01 1.000000e+00 4.138512e-07 1.479471e-04 0.000000e+00 0.000000e+00 0.000000e+00 0.000000e+00 0.000000e+00 0.000000e+00 0.000000e+00 1.000000e+00 0.000000e+00 0.000000e+00 0.000000e+00 0.000000e+00 9.999845e-11 -2.354575e-17 -1.717672e-20 -1.719227e-20 -5.317989e-04 0.000000e+00 0.000000e+00 
9.843750e-01 1.000000e+00 4.138512e-07 1.479471e-04 0.000000e+00 0.000000e+00 0.000000e+00 0.000000e+00 0.000000e+00 0.000000e+00 0.000000e+00 1.000000e+00 0.000000e+00 0.000000e+00 0.000000e+00 0.000000e+00 9.999845e-11 -2.354573e-17 -1.719859e-20 1.718325e-20 -5.317989e-04 0.000000e+00 0.000000e+00 
9.843750e-01 1.000000e+00 4.138512e-07 1.479471e-04 0.000000e+00 0.000000e+00 0.000000e+00 0.000000e+00 0.000000e+00 0.000000e+00 0.000000e+00 1.000000e+00 0.000000e+00 0.000000e+00 0.000000e+00 0.000000e+00 9.999845e-11 -2.354577e-17 1.719649e-20 -1.718750e-20 -5.317989e-04 0.000000e+00 0.000000e+00 
9.843750e-01 1.000000e+00 4.138512e-07 1.479471e-04 0.000000e+00 0.000000e+00 0.000000e+00 0.000000e+00 0.000000e+00 0.000000e+00 0.000000e+00 1.000000e+00 0.000000e+00 0.000000e+00 0.000000e+00 0.000000e+00 9.999845e-11 -2.354573e-17 1.719898e-20 1.717044e-20 -5.317989e-04 0.000000e+00 0.000000e+00 
